label:Exp2Syn[0].i
4001
-0.0125	-0
0.0125	-0
0.0375	-0
0.0625	-0
0.0875	-0
0.1125	-0
0.1375	-0
0.1625	-0
0.1875	-0
0.2125	-0
0.2375	-0
0.2625	-0
0.2875	-0
0.3125	-0
0.3375	-0
0.3625	-0
0.3875	-0
0.4125	-0
0.4375	-0
0.4625	-0
0.4875	-0
0.5125	-0
0.5375	-0
0.5625	-0
0.5875	-0
0.6125	-0
0.6375	-0
0.6625	-0
0.6875	-0
0.7125	-0
0.7375	-0
0.7625	-0
0.7875	-0
0.8125	-0
0.8375	-0
0.8625	-0
0.8875	-0
0.9125	-0
0.9375	-0
0.9625	-0
0.9875	-0
1.0125	-0
1.0375	-0.00289202
1.0625	-0.00541813
1.0875	-0.00762037
1.1125	-0.00953702
1.1375	-0.0112023
1.1625	-0.0126465
1.1875	-0.0138963
1.2125	-0.014975
1.2375	-0.0159034
1.2625	-0.0166996
1.2875	-0.0173794
1.3125	-0.0179569
1.3375	-0.0184444
1.3625	-0.0188528
1.3875	-0.0191916
1.4125	-0.0194692
1.4375	-0.0196931
1.4625	-0.0198697
1.4875	-0.0200049
1.5125	-0.0201036
1.5375	-0.0201704
1.5625	-0.0202091
1.5875	-0.0202234
1.6125	-0.0202161
1.6375	-0.0201901
1.6625	-0.0201476
1.6875	-0.0200909
1.7125	-0.0200216
1.7375	-0.0199415
1.7625	-0.019852
1.7875	-0.0197544
1.8125	-0.0196497
1.8375	-0.0195389
1.8625	-0.019423
1.8875	-0.0193027
1.9125	-0.0191786
1.9375	-0.0190513
1.9625	-0.0189214
1.9875	-0.0187892
2.0125	-0.0186553
2.0375	-0.01852
2.0625	-0.0183836
2.0875	-0.0182463
2.1125	-0.0181083
2.1375	-0.01797
2.1625	-0.0178315
2.1875	-0.0176929
2.2125	-0.0175545
2.2375	-0.0174162
2.2625	-0.0172782
2.2875	-0.0171407
2.3125	-0.0170036
2.3375	-0.0168672
2.3625	-0.0167313
2.3875	-0.0165962
2.4125	-0.0164617
2.4375	-0.0163281
2.4625	-0.0161952
2.4875	-0.0160632
2.5125	-0.015932
2.5375	-0.0158018
2.5625	-0.0156724
2.5875	-0.0155439
2.6125	-0.0154163
2.6375	-0.0152897
2.6625	-0.015164
2.6875	-0.0150392
2.7125	-0.0149154
2.7375	-0.0147926
2.7625	-0.0146707
2.7875	-0.0145497
2.8125	-0.0144297
2.8375	-0.0143106
2.8625	-0.0141925
2.8875	-0.0140753
2.9125	-0.0139591
2.9375	-0.0138438
2.9625	-0.0137294
2.9875	-0.0136159
3.0125	-0.0135034
3.0375	-0.0133918
3.0625	-0.0132811
3.0875	-0.0131713
3.1125	-0.0130623
3.1375	-0.0129543
3.1625	-0.0128472
3.1875	-0.0127409
3.2125	-0.0126355
3.2375	-0.012531
3.2625	-0.0124273
3.2875	-0.0123245
3.3125	-0.0122226
3.3375	-0.0121214
3.3625	-0.0120211
3.3875	-0.0119217
3.4125	-0.011823
3.4375	-0.0117252
3.4625	-0.0116282
3.4875	-0.0115319
3.5125	-0.0114365
3.5375	-0.0113418
3.5625	-0.011248
3.5875	-0.0111549
3.6125	-0.0110626
3.6375	-0.010971
3.6625	-0.0108802
3.6875	-0.0107902
3.7125	-0.0107009
3.7375	-0.0106123
3.7625	-0.0105244
3.7875	-0.0104373
3.8125	-0.0103509
3.8375	-0.0102653
3.8625	-0.0101803
3.8875	-0.010096
3.9125	-0.0100125
3.9375	-0.00992958
3.9625	-0.00984738
3.9875	-0.00976587
4.0125	-0.00968502
4.0375	-0.00960485
4.0625	-0.00952534
4.0875	-0.00944649
4.1125	-0.00936829
4.1375	-0.00929073
4.1625	-0.00921382
4.1875	-0.00913754
4.2125	-0.00906189
4.2375	-0.00898687
4.2625	-0.00891247
4.2875	-0.00883869
4.3125	-0.00876551
4.3375	-0.00869294
4.3625	-0.00862097
4.3875	-0.00854959
4.4125	-0.00847881
4.4375	-0.00840861
4.4625	-0.00833899
4.4875	-0.00826995
4.5125	-0.00820147
4.5375	-0.00813357
4.5625	-0.00806622
4.5875	-0.00799944
4.6125	-0.0079332
4.6375	-0.00786751
4.6625	-0.00780237
4.6875	-0.00773776
4.7125	-0.00767369
4.7375	-0.00761015
4.7625	-0.00754713
4.7875	-0.00748464
4.8125	-0.00742266
4.8375	-0.0073612
4.8625	-0.00730024
4.8875	-0.00723979
4.9125	-0.00717983
4.9375	-0.00712038
4.9625	-0.00706141
4.9875	-0.00700294
5.0125	-0.00694494
5.0375	-0.00688743
5.0625	-0.00683039
5.0875	-0.00677382
5.1125	-0.00671773
5.1375	-0.00666209
5.1625	-0.00660692
5.1875	-0.0065522
5.2125	-0.00649794
5.2375	-0.00644412
5.2625	-0.00639075
5.2875	-0.00633782
5.3125	-0.00628533
5.3375	-0.00623327
5.3625	-0.00618164
5.3875	-0.00613045
5.4125	-0.00607967
5.4375	-0.00602931
5.4625	-0.00597937
5.4875	-0.00592985
5.5125	-0.00588073
5.5375	-0.00583202
5.5625	-0.00578372
5.5875	-0.00573581
5.6125	-0.0056883
5.6375	-0.00564118
5.6625	-0.00559445
5.6875	-0.00554811
5.7125	-0.00550216
5.7375	-0.00545658
5.7625	-0.00541138
5.7875	-0.00536655
5.8125	-0.0053221
5.8375	-0.00527801
5.8625	-0.00523429
5.8875	-0.00519093
5.9125	-0.00514793
5.9375	-0.00510528
5.9625	-0.00506299
5.9875	-0.00502104
6.0125	-0.00497945
6.0375	-0.0049382
6.0625	-0.00489729
6.0875	-0.00485672
6.1125	-0.00481648
6.1375	-0.00477658
6.1625	-0.004737
6.1875	-0.00469776
6.2125	-0.00465884
6.2375	-0.00462024
6.2625	-0.00458196
6.2875	-0.004544
6.3125	-0.00450635
6.3375	-0.00446902
6.3625	-0.00443199
6.3875	-0.00439527
6.4125	-0.00435885
6.4375	-0.00432274
6.4625	-0.00428692
6.4875	-0.0042514
6.5125	-0.00421618
6.5375	-0.00418124
6.5625	-0.0041466
6.5875	-0.00411224
6.6125	-0.00407817
6.6375	-0.00404438
6.6625	-0.00401087
6.6875	-0.00397763
6.7125	-0.00394467
6.7375	-0.00391199
6.7625	-0.00387957
6.7875	-0.00384742
6.8125	-0.00381554
6.8375	-0.00378393
6.8625	-0.00375257
6.8875	-0.00372147
6.9125	-0.00369064
6.9375	-0.00366005
6.9625	-0.00362972
6.9875	-0.00359964
7.0125	-0.00356982
7.0375	-0.00354023
7.0625	-0.00351089
7.0875	-0.0034818
7.1125	-0.00345295
7.1375	-0.00342433
7.1625	-0.00339595
7.1875	-0.00336781
7.2125	-0.0033399
7.2375	-0.00331222
7.2625	-0.00328477
7.2875	-0.00325755
7.3125	-0.00323055
7.3375	-0.00320378
7.3625	-0.00317723
7.3875	-0.0031509
7.4125	-0.00312478
7.4375	-0.00309889
7.4625	-0.0030732
7.4875	-0.00304773
7.5125	-0.00302247
7.5375	-0.00299742
7.5625	-0.00297258
7.5875	-0.00294794
7.6125	-0.00292351
7.6375	-0.00289928
7.6625	-0.00287525
7.6875	-0.00285142
7.7125	-0.00282779
7.7375	-0.00280435
7.7625	-0.00278111
7.7875	-0.00275805
7.8125	-0.00273519
7.8375	-0.00271252
7.8625	-0.00269004
7.8875	-0.00266774
7.9125	-0.00264563
7.9375	-0.0026237
7.9625	-0.00260196
7.9875	-0.00258039
8.0125	-0.002559
8.0375	-0.00253779
8.0625	-0.00251675
8.0875	-0.00249589
8.1125	-0.0024752
8.1375	-0.00245469
8.1625	-0.00243434
8.1875	-0.00241416
8.2125	-0.00239415
8.2375	-0.0023743
8.2625	-0.00235462
8.2875	-0.0023351
8.3125	-0.00231575
8.3375	-0.00229655
8.3625	-0.00227751
8.3875	-0.00225863
8.4125	-0.00223991
8.4375	-0.00222134
8.4625	-0.00220293
8.4875	-0.00218467
8.5125	-0.00216656
8.5375	-0.0021486
8.5625	-0.00213078
8.5875	-0.00211312
8.6125	-0.0020956
8.6375	-0.00207823
8.6625	-0.002061
8.6875	-0.00204392
8.7125	-0.00202697
8.7375	-0.00201017
8.7625	-0.0019935
8.7875	-0.00197698
8.8125	-0.00196059
8.8375	-0.00194433
8.8625	-0.00192821
8.8875	-0.00191223
8.9125	-0.00189638
8.9375	-0.00188065
8.9625	-0.00186506
8.9875	-0.0018496
9.0125	-0.00183427
9.0375	-0.00181906
9.0625	-0.00180398
9.0875	-0.00178902
9.1125	-0.00177419
9.1375	-0.00175948
9.1625	-0.00174489
9.1875	-0.00173043
9.2125	-0.00171608
9.2375	-0.00170185
9.2625	-0.00168774
9.2875	-0.00167375
9.3125	-0.00165987
9.3375	-0.00164611
9.3625	-0.00163246
9.3875	-0.00161893
9.4125	-0.0016055
9.4375	-0.00159219
9.4625	-0.00157899
9.4875	-0.0015659
9.5125	-0.00155292
9.5375	-0.00154004
9.5625	-0.00152727
9.5875	-0.00151461
9.6125	-0.00150205
9.6375	-0.0014896
9.6625	-0.00147725
9.6875	-0.001465
9.7125	-0.00145285
9.7375	-0.0014408
9.7625	-0.00142886
9.7875	-0.00141701
9.8125	-0.00140526
9.8375	-0.00139361
9.8625	-0.00138205
9.8875	-0.00137059
9.9125	-0.00135923
9.9375	-0.00134796
9.9625	-0.00133678
9.9875	-0.0013257
10.0125	-0.00131471
10.0375	-0.0013038
10.0625	-0.00129299
10.0875	-0.00128227
10.1125	-0.00127164
10.1375	-0.00126109
10.1625	-0.00125064
10.1875	-0.00124027
10.2125	-0.00122998
10.2375	-0.00121978
10.2625	-0.00120967
10.2875	-0.00119964
10.3125	-0.00118969
10.3375	-0.00117982
10.3625	-0.00117004
10.3875	-0.00116034
10.4125	-0.00115072
10.4375	-0.00114118
10.4625	-0.00113171
10.4875	-0.00112233
10.5125	-0.00111302
10.5375	-0.00110379
10.5625	-0.00109464
10.5875	-0.00108556
10.6125	-0.00107656
10.6375	-0.00106763
10.6625	-0.00105878
10.6875	-0.00105
10.7125	-0.00104129
10.7375	-0.00103266
10.7625	-0.00102409
10.7875	-0.0010156
10.8125	-0.00100718
10.8375	-0.000998825
10.8625	-0.000990542
10.8875	-0.000982327
10.9125	-0.000974181
10.9375	-0.000966102
10.9625	-0.00095809
10.9875	-0.000950145
11.0125	-0.000942266
11.0375	-0.000934451
11.0625	-0.000926702
11.0875	-0.000919017
11.1125	-0.000911395
11.1375	-0.000903837
11.1625	-0.000896342
11.1875	-0.000888908
11.2125	-0.000881536
11.2375	-0.000874226
11.2625	-0.000866975
11.2875	-0.000859785
11.3125	-0.000852655
11.3375	-0.000845584
11.3625	-0.000838571
11.3875	-0.000831617
11.4125	-0.00082472
11.4375	-0.00081788
11.4625	-0.000811097
11.4875	-0.00080437
11.5125	-0.000797699
11.5375	-0.000791084
11.5625	-0.000784523
11.5875	-0.000778017
11.6125	-0.000771564
11.6375	-0.000765165
11.6625	-0.000758819
11.6875	-0.000752526
11.7125	-0.000746285
11.7375	-0.000740096
11.7625	-0.000733957
11.7875	-0.00072787
11.8125	-0.000721834
11.8375	-0.000715847
11.8625	-0.00070991
11.8875	-0.000704022
11.9125	-0.000698183
11.9375	-0.000692393
11.9625	-0.00068665
11.9875	-0.000680955
12.0125	-0.000675307
12.0375	-0.000669707
12.0625	-0.000664152
12.0875	-0.000658644
12.1125	-0.000653181
12.1375	-0.000647764
12.1625	-0.000642391
12.1875	-0.000637063
12.2125	-0.000631779
12.2375	-0.00062654
12.2625	-0.000621343
12.2875	-0.00061619
12.3125	-0.000611079
12.3375	-0.000606011
12.3625	-0.000600984
12.3875	-0.000596
12.4125	-0.000591056
12.4375	-0.000586154
12.4625	-0.000581292
12.4875	-0.000576471
12.5125	-0.00057169
12.5375	-0.000566948
12.5625	-0.000562246
12.5875	-0.000557582
12.6125	-0.000552958
12.6375	-0.000548371
12.6625	-0.000543823
12.6875	-0.000539312
12.7125	-0.000534839
12.7375	-0.000530403
12.7625	-0.000526004
12.7875	-0.000521641
12.8125	-0.000517314
12.8375	-0.000513023
12.8625	-0.000508768
12.8875	-0.000504548
12.9125	-0.000500363
12.9375	-0.000496213
12.9625	-0.000492097
12.9875	-0.000488015
13.0125	-0.000483968
13.0375	-0.000479953
13.0625	-0.000475972
13.0875	-0.000472024
13.1125	-0.000468109
13.1375	-0.000464226
13.1625	-0.000460376
13.1875	-0.000456557
13.2125	-0.00045277
13.2375	-0.000449015
13.2625	-0.00044529
13.2875	-0.000441597
13.3125	-0.000437934
13.3375	-0.000434301
13.3625	-0.000430699
13.3875	-0.000427126
13.4125	-0.000423584
13.4375	-0.00042007
13.4625	-0.000416586
13.4875	-0.00041313
13.5125	-0.000409703
13.5375	-0.000406305
13.5625	-0.000402935
13.5875	-0.000399592
13.6125	-0.000396278
13.6375	-0.000392991
13.6625	-0.000389731
13.6875	-0.000386498
13.7125	-0.000383292
13.7375	-0.000380113
13.7625	-0.00037696
13.7875	-0.000373833
13.8125	-0.000370732
13.8375	-0.000367657
13.8625	-0.000364607
13.8875	-0.000361583
13.9125	-0.000358583
13.9375	-0.000355609
13.9625	-0.000352659
13.9875	-0.000349734
14.0125	-0.000346833
14.0375	-0.000343956
14.0625	-0.000341103
14.0875	-0.000338273
14.1125	-0.000335467
14.1375	-0.000332685
14.1625	-0.000329925
14.1875	-0.000327188
14.2125	-0.000324474
14.2375	-0.000321782
14.2625	-0.000319113
14.2875	-0.000316466
14.3125	-0.000313841
14.3375	-0.000311238
14.3625	-0.000308656
14.3875	-0.000306095
14.4125	-0.000303556
14.4375	-0.000301038
14.4625	-0.000298541
14.4875	-0.000296065
14.5125	-0.000293609
14.5375	-0.000291173
14.5625	-0.000288758
14.5875	-0.000286362
14.6125	-0.000283987
14.6375	-0.000281631
14.6625	-0.000279295
14.6875	-0.000276978
14.7125	-0.00027468
14.7375	-0.000272402
14.7625	-0.000270142
14.7875	-0.000267901
14.8125	-0.000265679
14.8375	-0.000263475
14.8625	-0.000261289
14.8875	-0.000259122
14.9125	-0.000256972
14.9375	-0.000254841
14.9625	-0.000252727
14.9875	-0.00025063
15.0125	-0.000248551
15.0375	-0.000246489
15.0625	-0.000244444
15.0875	-0.000242417
15.1125	-0.000240406
15.1375	-0.000238411
15.1625	-0.000236434
15.1875	-0.000234472
15.2125	-0.000232527
15.2375	-0.000230598
15.2625	-0.000228685
15.2875	-0.000226788
15.3125	-0.000224907
15.3375	-0.000223041
15.3625	-0.000221191
15.3875	-0.000219356
15.4125	-0.000217536
15.4375	-0.000215732
15.4625	-0.000213942
15.4875	-0.000212167
15.5125	-0.000210407
15.5375	-0.000208662
15.5625	-0.000206931
15.5875	-0.000205214
15.6125	-0.000203512
15.6375	-0.000201823
15.6625	-0.000200149
15.6875	-0.000198489
15.7125	-0.000196842
15.7375	-0.000195209
15.7625	-0.00019359
15.7875	-0.000191984
15.8125	-0.000190391
15.8375	-0.000188812
15.8625	-0.000187245
15.8875	-0.000185692
15.9125	-0.000184151
15.9375	-0.000182624
15.9625	-0.000181109
15.9875	-0.000179606
16.0125	-0.000178116
16.0375	-0.000176639
16.0625	-0.000175173
16.0875	-0.00017372
16.1125	-0.000172279
16.1375	-0.00017085
16.1625	-0.000169432
16.1875	-0.000168027
16.2125	-0.000166633
16.2375	-0.00016525
16.2625	-0.000163879
16.2875	-0.00016252
16.3125	-0.000161172
16.3375	-0.000159835
16.3625	-0.000158509
16.3875	-0.000157194
16.4125	-0.00015589
16.4375	-0.000154596
16.4625	-0.000153314
16.4875	-0.000152042
16.5125	-0.000150781
16.5375	-0.00014953
16.5625	-0.000148289
16.5875	-0.000147059
16.6125	-0.000145839
16.6375	-0.000144629
16.6625	-0.000143429
16.6875	-0.000142239
16.7125	-0.000141059
16.7375	-0.000139889
16.7625	-0.000138729
16.7875	-0.000137578
16.8125	-0.000136436
16.8375	-0.000135304
16.8625	-0.000134182
16.8875	-0.000133069
16.9125	-0.000131965
16.9375	-0.00013087
16.9625	-0.000129784
16.9875	-0.000128707
17.0125	-0.00012764
17.0375	-0.000126581
17.0625	-0.000125531
17.0875	-0.000124489
17.1125	-0.000123456
17.1375	-0.000122432
17.1625	-0.000121416
17.1875	-0.000120409
17.2125	-0.00011941
17.2375	-0.00011842
17.2625	-0.000117437
17.2875	-0.000116463
17.3125	-0.000115497
17.3375	-0.000114538
17.3625	-0.000113588
17.3875	-0.000112646
17.4125	-0.000111711
17.4375	-0.000110785
17.4625	-0.000109865
17.4875	-0.000108954
17.5125	-0.00010805
17.5375	-0.000107154
17.5625	-0.000106265
17.5875	-0.000105383
17.6125	-0.000104509
17.6375	-0.000103642
17.6625	-0.000102782
17.6875	-0.000101929
17.7125	-0.000101084
17.7375	-0.000100245
17.7625	-9.94132e-05
17.7875	-9.85885e-05
17.8125	-9.77706e-05
17.8375	-9.69594e-05
17.8625	-9.6155e-05
17.8875	-9.53573e-05
17.9125	-9.45661e-05
17.9375	-9.37816e-05
17.9625	-9.30035e-05
17.9875	-9.22319e-05
18.0125	-9.14667e-05
18.0375	-9.07079e-05
18.0625	-8.99553e-05
18.0875	-8.9209e-05
18.1125	-8.84689e-05
18.1375	-8.77349e-05
18.1625	-8.70071e-05
18.1875	-8.62852e-05
18.2125	-8.55693e-05
18.2375	-8.48594e-05
18.2625	-8.41554e-05
18.2875	-8.34572e-05
18.3125	-8.27648e-05
18.3375	-8.20781e-05
18.3625	-8.13972e-05
18.3875	-8.07219e-05
18.4125	-8.00522e-05
18.4375	-7.9388e-05
18.4625	-7.87294e-05
18.4875	-7.80762e-05
18.5125	-7.74284e-05
18.5375	-7.6786e-05
18.5625	-7.6149e-05
18.5875	-7.55172e-05
18.6125	-7.48907e-05
18.6375	-7.42693e-05
18.6625	-7.36532e-05
18.6875	-7.30421e-05
18.7125	-7.24361e-05
18.7375	-7.18351e-05
18.7625	-7.12391e-05
18.7875	-7.06481e-05
18.8125	-7.0062e-05
18.8375	-6.94807e-05
18.8625	-6.89042e-05
18.8875	-6.83326e-05
18.9125	-6.77656e-05
18.9375	-6.72034e-05
18.9625	-6.66458e-05
18.9875	-6.60929e-05
19.0125	-6.55446e-05
19.0375	-6.50008e-05
19.0625	-6.44615e-05
19.0875	-6.39267e-05
19.1125	-6.33963e-05
19.1375	-6.28703e-05
19.1625	-6.23487e-05
19.1875	-6.18314e-05
19.2125	-6.13184e-05
19.2375	-6.08097e-05
19.2625	-6.03052e-05
19.2875	-5.98048e-05
19.3125	-5.93086e-05
19.3375	-5.88166e-05
19.3625	-5.83286e-05
19.3875	-5.78447e-05
19.4125	-5.73647e-05
19.4375	-5.68888e-05
19.4625	-5.64168e-05
19.4875	-5.59487e-05
19.5125	-5.54846e-05
19.5375	-5.50242e-05
19.5625	-5.45677e-05
19.5875	-5.4115e-05
19.6125	-5.3666e-05
19.6375	-5.32207e-05
19.6625	-5.27792e-05
19.6875	-5.23413e-05
19.7125	-5.1907e-05
19.7375	-5.14764e-05
19.7625	-5.10493e-05
19.7875	-5.06257e-05
19.8125	-5.02057e-05
19.8375	-4.97891e-05
19.8625	-4.93761e-05
19.8875	-4.89664e-05
19.9125	-4.85601e-05
19.9375	-4.81572e-05
19.9625	-4.77577e-05
19.9875	-4.73615e-05
20.0125	-4.69685e-05
20.0375	-4.65788e-05
20.0625	-4.61924e-05
20.0875	-4.58091e-05
20.1125	-4.5429e-05
20.1375	-4.50521e-05
20.1625	-4.46783e-05
20.1875	-4.43076e-05
20.2125	-4.394e-05
20.2375	-4.35755e-05
20.2625	-4.32139e-05
20.2875	-4.28554e-05
20.3125	-4.24998e-05
20.3375	-4.21472e-05
20.3625	-4.17975e-05
20.3875	-4.14507e-05
20.4125	-4.11068e-05
20.4375	-4.07658e-05
20.4625	-4.04275e-05
20.4875	-4.00921e-05
20.5125	-3.97595e-05
20.5375	-3.94296e-05
20.5625	-3.91025e-05
20.5875	-3.8778e-05
20.6125	-3.84563e-05
20.6375	-3.81372e-05
20.6625	-3.78208e-05
20.6875	-3.7507e-05
20.7125	-3.71958e-05
20.7375	-3.68872e-05
20.7625	-3.65812e-05
20.7875	-3.62776e-05
20.8125	-3.59766e-05
20.8375	-3.56782e-05
20.8625	-3.53821e-05
20.8875	-3.50886e-05
20.9125	-3.47974e-05
20.9375	-3.45087e-05
20.9625	-3.42224e-05
20.9875	-3.39385e-05
21.0125	-3.36569e-05
21.0375	-3.33776e-05
21.0625	-3.31007e-05
21.0875	-3.28261e-05
21.1125	-3.25537e-05
21.1375	-3.22836e-05
21.1625	-3.20158e-05
21.1875	-3.17501e-05
21.2125	-3.14867e-05
21.2375	-3.12255e-05
21.2625	-3.09664e-05
21.2875	-3.07094e-05
21.3125	-3.04547e-05
21.3375	-3.0202e-05
21.3625	-2.99514e-05
21.3875	-2.97029e-05
21.4125	-2.94564e-05
21.4375	-2.9212e-05
21.4625	-2.89697e-05
21.4875	-2.87293e-05
21.5125	-2.84909e-05
21.5375	-2.82545e-05
21.5625	-2.80201e-05
21.5875	-2.77876e-05
21.6125	-2.75571e-05
21.6375	-2.73284e-05
21.6625	-2.71017e-05
21.6875	-2.68768e-05
21.7125	-2.66538e-05
21.7375	-2.64327e-05
21.7625	-2.62134e-05
21.7875	-2.59959e-05
21.8125	-2.57802e-05
21.8375	-2.55663e-05
21.8625	-2.53542e-05
21.8875	-2.51438e-05
21.9125	-2.49352e-05
21.9375	-2.47283e-05
21.9625	-2.45231e-05
21.9875	-2.43196e-05
22.0125	-2.41179e-05
22.0375	-2.39178e-05
22.0625	-2.37193e-05
22.0875	-2.35225e-05
22.1125	-2.33273e-05
22.1375	-2.31338e-05
22.1625	-2.29418e-05
22.1875	-2.27515e-05
22.2125	-2.25627e-05
22.2375	-2.23755e-05
22.2625	-2.21899e-05
22.2875	-2.20057e-05
22.3125	-2.18232e-05
22.3375	-2.16421e-05
22.3625	-2.14625e-05
22.3875	-2.12845e-05
22.4125	-2.11079e-05
22.4375	-2.09327e-05
22.4625	-2.0759e-05
22.4875	-2.05868e-05
22.5125	-2.0416e-05
22.5375	-2.02466e-05
22.5625	-2.00786e-05
22.5875	-1.9912e-05
22.6125	-1.97468e-05
22.6375	-1.9583e-05
22.6625	-1.94205e-05
22.6875	-1.92593e-05
22.7125	-1.90995e-05
22.7375	-1.89411e-05
22.7625	-1.87839e-05
22.7875	-1.86281e-05
22.8125	-1.84735e-05
22.8375	-1.83202e-05
22.8625	-1.81682e-05
22.8875	-1.80175e-05
22.9125	-1.7868e-05
22.9375	-1.77197e-05
22.9625	-1.75727e-05
22.9875	-1.74269e-05
23.0125	-1.72823e-05
23.0375	-1.71389e-05
23.0625	-1.69967e-05
23.0875	-1.68557e-05
23.1125	-1.67158e-05
23.1375	-1.65771e-05
23.1625	-1.64396e-05
23.1875	-1.63032e-05
23.2125	-1.61679e-05
23.2375	-1.60338e-05
23.2625	-1.59007e-05
23.2875	-1.57688e-05
23.3125	-1.5638e-05
23.3375	-1.55082e-05
23.3625	-1.53795e-05
23.3875	-1.52519e-05
23.4125	-1.51254e-05
23.4375	-1.49999e-05
23.4625	-1.48754e-05
23.4875	-1.4752e-05
23.5125	-1.46296e-05
23.5375	-1.45082e-05
23.5625	-1.43878e-05
23.5875	-1.42684e-05
23.6125	-1.41501e-05
23.6375	-1.40326e-05
23.6625	-1.39162e-05
23.6875	-1.38007e-05
23.7125	-1.36862e-05
23.7375	-1.35727e-05
23.7625	-1.34601e-05
23.7875	-1.33484e-05
23.8125	-1.32376e-05
23.8375	-1.31278e-05
23.8625	-1.30189e-05
23.8875	-1.29108e-05
23.9125	-1.28037e-05
23.9375	-1.26975e-05
23.9625	-1.25921e-05
23.9875	-1.24877e-05
24.0125	-1.2384e-05
24.0375	-1.22813e-05
24.0625	-1.21794e-05
24.0875	-1.20783e-05
24.1125	-1.19781e-05
24.1375	-1.18787e-05
24.1625	-1.17802e-05
24.1875	-1.16824e-05
24.2125	-1.15855e-05
24.2375	-1.14894e-05
24.2625	-1.1394e-05
24.2875	-1.12995e-05
24.3125	-1.12057e-05
24.3375	-1.11128e-05
24.3625	-1.10205e-05
24.3875	-1.09291e-05
24.4125	-1.08384e-05
24.4375	-1.07485e-05
24.4625	-1.06593e-05
24.4875	-1.05709e-05
24.5125	-1.04832e-05
24.5375	-1.03962e-05
24.5625	-1.03099e-05
24.5875	-1.02244e-05
24.6125	-1.01395e-05
24.6375	-1.00554e-05
24.6625	-9.97197e-06
24.6875	-9.88923e-06
24.7125	-9.80717e-06
24.7375	-9.7258e-06
24.7625	-9.6451e-06
24.7875	-9.56507e-06
24.8125	-9.48571e-06
24.8375	-9.407e-06
24.8625	-9.32895e-06
24.8875	-9.25154e-06
24.9125	-9.17478e-06
24.9375	-9.09865e-06
24.9625	-9.02316e-06
24.9875	-8.94829e-06
25.0125	-8.87404e-06
25.0375	-8.80041e-06
25.0625	-8.72739e-06
25.0875	-8.65498e-06
25.1125	-8.58316e-06
25.1375	-8.51194e-06
25.1625	-8.44132e-06
25.1875	-8.37128e-06
25.2125	-8.30182e-06
25.2375	-8.23293e-06
25.2625	-8.16462e-06
25.2875	-8.09688e-06
25.3125	-8.02969e-06
25.3375	-7.96307e-06
25.3625	-7.89699e-06
25.3875	-7.83147e-06
25.4125	-7.76649e-06
25.4375	-7.70205e-06
25.4625	-7.63814e-06
25.4875	-7.57476e-06
25.5125	-7.51191e-06
25.5375	-7.44958e-06
25.5625	-7.38777e-06
25.5875	-7.32647e-06
25.6125	-7.26568e-06
25.6375	-7.20539e-06
25.6625	-7.14561e-06
25.6875	-7.08632e-06
25.7125	-7.02752e-06
25.7375	-6.96921e-06
25.7625	-6.91138e-06
25.7875	-6.85404e-06
25.8125	-6.79716e-06
25.8375	-6.74077e-06
25.8625	-6.68483e-06
25.8875	-6.62937e-06
25.9125	-6.57436e-06
25.9375	-6.51981e-06
25.9625	-6.46571e-06
25.9875	-6.41206e-06
26.0125	-6.35886e-06
26.0375	-6.3061e-06
26.0625	-6.25377e-06
26.0875	-6.20188e-06
26.1125	-6.15042e-06
26.1375	-6.09939e-06
26.1625	-6.04878e-06
26.1875	-5.99859e-06
26.2125	-5.94882e-06
26.2375	-5.89946e-06
26.2625	-5.85051e-06
26.2875	-5.80196e-06
26.3125	-5.75382e-06
26.3375	-5.70608e-06
26.3625	-5.65873e-06
26.3875	-5.61178e-06
26.4125	-5.56521e-06
26.4375	-5.51904e-06
26.4625	-5.47324e-06
26.4875	-5.42783e-06
26.5125	-5.38279e-06
26.5375	-5.33813e-06
26.5625	-5.29383e-06
26.5875	-5.24991e-06
26.6125	-5.20635e-06
26.6375	-5.16315e-06
26.6625	-5.12031e-06
26.6875	-5.07782e-06
26.7125	-5.03569e-06
26.7375	-4.9939e-06
26.7625	-4.95247e-06
26.7875	-4.91137e-06
26.8125	-4.87062e-06
26.8375	-4.83021e-06
26.8625	-4.79013e-06
26.8875	-4.75038e-06
26.9125	-4.71097e-06
26.9375	-4.67188e-06
26.9625	-4.63311e-06
26.9875	-4.59467e-06
27.0125	-4.55654e-06
27.0375	-4.51874e-06
27.0625	-4.48124e-06
27.0875	-4.44406e-06
27.1125	-4.40718e-06
27.1375	-4.37062e-06
27.1625	-4.33435e-06
27.1875	-4.29839e-06
27.2125	-4.26272e-06
27.2375	-4.22735e-06
27.2625	-4.19227e-06
27.2875	-4.15749e-06
27.3125	-4.12299e-06
27.3375	-4.08878e-06
27.3625	-4.05485e-06
27.3875	-4.02121e-06
27.4125	-3.98784e-06
27.4375	-3.95475e-06
27.4625	-3.92194e-06
27.4875	-3.88939e-06
27.5125	-3.85712e-06
27.5375	-3.82512e-06
27.5625	-3.79338e-06
27.5875	-3.7619e-06
27.6125	-3.73069e-06
27.6375	-3.69973e-06
27.6625	-3.66903e-06
27.6875	-3.63859e-06
27.7125	-3.6084e-06
27.7375	-3.57846e-06
27.7625	-3.54876e-06
27.7875	-3.51932e-06
27.8125	-3.49012e-06
27.8375	-3.46116e-06
27.8625	-3.43244e-06
27.8875	-3.40396e-06
27.9125	-3.37571e-06
27.9375	-3.3477e-06
27.9625	-3.31992e-06
27.9875	-3.29238e-06
28.0125	-3.26506e-06
28.0375	-3.23797e-06
28.0625	-3.2111e-06
28.0875	-3.18445e-06
28.1125	-3.15803e-06
28.1375	-3.13183e-06
28.1625	-3.10584e-06
28.1875	-3.08007e-06
28.2125	-3.05451e-06
28.2375	-3.02917e-06
28.2625	-3.00403e-06
28.2875	-2.97911e-06
28.3125	-2.95439e-06
28.3375	-2.92987e-06
28.3625	-2.90556e-06
28.3875	-2.88145e-06
28.4125	-2.85754e-06
28.4375	-2.83383e-06
28.4625	-2.81032e-06
28.4875	-2.787e-06
28.5125	-2.76387e-06
28.5375	-2.74094e-06
28.5625	-2.7182e-06
28.5875	-2.69564e-06
28.6125	-2.67327e-06
28.6375	-2.65109e-06
28.6625	-2.62909e-06
28.6875	-2.60728e-06
28.7125	-2.58565e-06
28.7375	-2.56419e-06
28.7625	-2.54291e-06
28.7875	-2.52181e-06
28.8125	-2.50089e-06
28.8375	-2.48014e-06
28.8625	-2.45956e-06
28.8875	-2.43915e-06
28.9125	-2.41891e-06
28.9375	-2.39884e-06
28.9625	-2.37893e-06
28.9875	-2.35919e-06
29.0125	-2.33962e-06
29.0375	-2.32021e-06
29.0625	-2.30095e-06
29.0875	-2.28186e-06
29.1125	-2.26293e-06
29.1375	-2.24415e-06
29.1625	-2.22553e-06
29.1875	-2.20706e-06
29.2125	-2.18875e-06
29.2375	-2.17059e-06
29.2625	-2.15258e-06
29.2875	-2.13471e-06
29.3125	-2.117e-06
29.3375	-2.09944e-06
29.3625	-2.08202e-06
29.3875	-2.06474e-06
29.4125	-2.04761e-06
29.4375	-2.03062e-06
29.4625	-2.01377e-06
29.4875	-1.99706e-06
29.5125	-1.98049e-06
29.5375	-1.96405e-06
29.5625	-1.94776e-06
29.5875	-1.93159e-06
29.6125	-1.91557e-06
29.6375	-1.89967e-06
29.6625	-1.88391e-06
29.6875	-1.86828e-06
29.7125	-1.85277e-06
29.7375	-1.8374e-06
29.7625	-1.82215e-06
29.7875	-1.80703e-06
29.8125	-1.79204e-06
29.8375	-1.77717e-06
29.8625	-1.76242e-06
29.8875	-1.7478e-06
29.9125	-1.7333e-06
29.9375	-1.71891e-06
29.9625	-1.70465e-06
29.9875	-1.69051e-06
30.0125	-1.67648e-06
30.0375	-1.66257e-06
30.0625	-1.64877e-06
30.0875	-1.63509e-06
30.1125	-1.62152e-06
30.1375	-1.60807e-06
30.1625	-1.59473e-06
30.1875	-1.58149e-06
30.2125	-1.56837e-06
30.2375	-1.55536e-06
30.2625	-1.54245e-06
30.2875	-1.52965e-06
30.3125	-1.51696e-06
30.3375	-1.50437e-06
30.3625	-1.49189e-06
30.3875	-1.47951e-06
30.4125	-1.46723e-06
30.4375	-1.45506e-06
30.4625	-1.44299e-06
30.4875	-1.43101e-06
30.5125	-1.41914e-06
30.5375	-1.40736e-06
30.5625	-1.39568e-06
30.5875	-1.3841e-06
30.6125	-1.37262e-06
30.6375	-1.36123e-06
30.6625	-1.34993e-06
30.6875	-1.33873e-06
30.7125	-1.32762e-06
30.7375	-1.31661e-06
30.7625	-1.30568e-06
30.7875	-1.29485e-06
30.8125	-1.2841e-06
30.8375	-1.27345e-06
30.8625	-1.26288e-06
30.8875	-1.2524e-06
30.9125	-1.24201e-06
30.9375	-1.23171e-06
30.9625	-1.22148e-06
30.9875	-1.21135e-06
31.0125	-1.2013e-06
31.0375	-1.19133e-06
31.0625	-1.18144e-06
31.0875	-1.17164e-06
31.1125	-1.16192e-06
31.1375	-1.15228e-06
31.1625	-1.14272e-06
31.1875	-1.13323e-06
31.2125	-1.12383e-06
31.2375	-1.11451e-06
31.2625	-1.10526e-06
31.2875	-1.09609e-06
31.3125	-1.08699e-06
31.3375	-1.07797e-06
31.3625	-1.06903e-06
31.3875	-1.06016e-06
31.4125	-1.05136e-06
31.4375	-1.04264e-06
31.4625	-1.03398e-06
31.4875	-1.0254e-06
31.5125	-1.0169e-06
31.5375	-1.00846e-06
31.5625	-1.00009e-06
31.5875	-9.91791e-07
31.6125	-9.83562e-07
31.6375	-9.754e-07
31.6625	-9.67307e-07
31.6875	-9.5928e-07
31.7125	-9.5132e-07
31.7375	-9.43426e-07
31.7625	-9.35598e-07
31.7875	-9.27835e-07
31.8125	-9.20136e-07
31.8375	-9.12501e-07
31.8625	-9.04929e-07
31.8875	-8.9742e-07
31.9125	-8.89973e-07
31.9375	-8.82588e-07
31.9625	-8.75265e-07
31.9875	-8.68002e-07
32.0125	-8.608e-07
32.0375	-8.53657e-07
32.0625	-8.46573e-07
32.0875	-8.39549e-07
32.1125	-8.32582e-07
32.1375	-8.25674e-07
32.1625	-8.18822e-07
32.1875	-8.12028e-07
32.2125	-8.0529e-07
32.2375	-7.98608e-07
32.2625	-7.91981e-07
32.2875	-7.85409e-07
32.3125	-7.78892e-07
32.3375	-7.72429e-07
32.3625	-7.6602e-07
32.3875	-7.59663e-07
32.4125	-7.5336e-07
32.4375	-7.47109e-07
32.4625	-7.40909e-07
32.4875	-7.34761e-07
32.5125	-7.28664e-07
32.5375	-7.22618e-07
32.5625	-7.16622e-07
32.5875	-7.10675e-07
32.6125	-7.04778e-07
32.6375	-6.9893e-07
32.6625	-6.93131e-07
32.6875	-6.87379e-07
32.7125	-6.81675e-07
32.7375	-6.76019e-07
32.7625	-6.70409e-07
32.7875	-6.64846e-07
32.8125	-6.5933e-07
32.8375	-6.53859e-07
32.8625	-6.48433e-07
32.8875	-6.43052e-07
32.9125	-6.37717e-07
32.9375	-6.32425e-07
32.9625	-6.27177e-07
32.9875	-6.21973e-07
33.0125	-6.16812e-07
33.0375	-6.11694e-07
33.0625	-6.06618e-07
33.0875	-6.01584e-07
33.1125	-5.96592e-07
33.1375	-5.91642e-07
33.1625	-5.86733e-07
33.1875	-5.81864e-07
33.2125	-5.77036e-07
33.2375	-5.72248e-07
33.2625	-5.67499e-07
33.2875	-5.6279e-07
33.3125	-5.5812e-07
33.3375	-5.53489e-07
33.3625	-5.48896e-07
33.3875	-5.44342e-07
33.4125	-5.39825e-07
33.4375	-5.35345e-07
33.4625	-5.30903e-07
33.4875	-5.26498e-07
33.5125	-5.22129e-07
33.5375	-5.17796e-07
33.5625	-5.135e-07
33.5875	-5.09239e-07
33.6125	-5.05013e-07
33.6375	-5.00823e-07
33.6625	-4.96667e-07
33.6875	-4.92546e-07
33.7125	-4.88459e-07
33.7375	-4.84405e-07
33.7625	-4.80386e-07
33.7875	-4.764e-07
33.8125	-4.72447e-07
33.8375	-4.68526e-07
33.8625	-4.64639e-07
33.8875	-4.60783e-07
33.9125	-4.56959e-07
33.9375	-4.53168e-07
33.9625	-4.49407e-07
33.9875	-4.45678e-07
34.0125	-4.4198e-07
34.0375	-4.38313e-07
34.0625	-4.34675e-07
34.0875	-4.31069e-07
34.1125	-4.27492e-07
34.1375	-4.23944e-07
34.1625	-4.20426e-07
34.1875	-4.16938e-07
34.2125	-4.13478e-07
34.2375	-4.10047e-07
34.2625	-4.06645e-07
34.2875	-4.0327e-07
34.3125	-3.99924e-07
34.3375	-3.96605e-07
34.3625	-3.93315e-07
34.3875	-3.90051e-07
34.4125	-3.86814e-07
34.4375	-3.83604e-07
34.4625	-3.80421e-07
34.4875	-3.77265e-07
34.5125	-3.74134e-07
34.5375	-3.7103e-07
34.5625	-3.67951e-07
34.5875	-3.64898e-07
34.6125	-3.6187e-07
34.6375	-3.58867e-07
34.6625	-3.55889e-07
34.6875	-3.52936e-07
34.7125	-3.50007e-07
34.7375	-3.47103e-07
34.7625	-3.44223e-07
34.7875	-3.41366e-07
34.8125	-3.38534e-07
34.8375	-3.35725e-07
34.8625	-3.32939e-07
34.8875	-3.30176e-07
34.9125	-3.27436e-07
34.9375	-3.24719e-07
34.9625	-3.22025e-07
34.9875	-3.19353e-07
35.0125	-3.16703e-07
35.0375	-3.14075e-07
35.0625	-3.11469e-07
35.0875	-3.08884e-07
35.1125	-3.06321e-07
35.1375	-3.03779e-07
35.1625	-3.01258e-07
35.1875	-2.98759e-07
35.2125	-2.9628e-07
35.2375	-2.93821e-07
35.2625	-2.91383e-07
35.2875	-2.88965e-07
35.3125	-2.86567e-07
35.3375	-2.84189e-07
35.3625	-2.81831e-07
35.3875	-2.79492e-07
35.4125	-2.77173e-07
35.4375	-2.74873e-07
35.4625	-2.72592e-07
35.4875	-2.70331e-07
35.5125	-2.68087e-07
35.5375	-2.65863e-07
35.5625	-2.63657e-07
35.5875	-2.61469e-07
35.6125	-2.59299e-07
35.6375	-2.57148e-07
35.6625	-2.55014e-07
35.6875	-2.52898e-07
35.7125	-2.50799e-07
35.7375	-2.48718e-07
35.7625	-2.46654e-07
35.7875	-2.44607e-07
35.8125	-2.42578e-07
35.8375	-2.40565e-07
35.8625	-2.38569e-07
35.8875	-2.36589e-07
35.9125	-2.34626e-07
35.9375	-2.32679e-07
35.9625	-2.30748e-07
35.9875	-2.28833e-07
36.0125	-2.26934e-07
36.0375	-2.25051e-07
36.0625	-2.23184e-07
36.0875	-2.21332e-07
36.1125	-2.19495e-07
36.1375	-2.17674e-07
36.1625	-2.15868e-07
36.1875	-2.14076e-07
36.2125	-2.123e-07
36.2375	-2.10538e-07
36.2625	-2.08791e-07
36.2875	-2.07059e-07
36.3125	-2.05341e-07
36.3375	-2.03637e-07
36.3625	-2.01947e-07
36.3875	-2.00271e-07
36.4125	-1.98609e-07
36.4375	-1.96961e-07
36.4625	-1.95327e-07
36.4875	-1.93706e-07
36.5125	-1.92099e-07
36.5375	-1.90505e-07
36.5625	-1.88924e-07
36.5875	-1.87356e-07
36.6125	-1.85802e-07
36.6375	-1.8426e-07
36.6625	-1.82731e-07
36.6875	-1.81214e-07
36.7125	-1.79711e-07
36.7375	-1.7822e-07
36.7625	-1.76741e-07
36.7875	-1.75274e-07
36.8125	-1.7382e-07
36.8375	-1.72377e-07
36.8625	-1.70947e-07
36.8875	-1.69528e-07
36.9125	-1.68122e-07
36.9375	-1.66727e-07
36.9625	-1.65343e-07
36.9875	-1.63971e-07
37.0125	-1.6261e-07
37.0375	-1.61261e-07
37.0625	-1.59923e-07
37.0875	-1.58596e-07
37.1125	-1.5728e-07
37.1375	-1.55975e-07
37.1625	-1.54681e-07
37.1875	-1.53397e-07
37.2125	-1.52124e-07
37.2375	-1.50862e-07
37.2625	-1.4961e-07
37.2875	-1.48368e-07
37.3125	-1.47137e-07
37.3375	-1.45916e-07
37.3625	-1.44706e-07
37.3875	-1.43505e-07
37.4125	-1.42314e-07
37.4375	-1.41133e-07
37.4625	-1.39962e-07
37.4875	-1.388e-07
37.5125	-1.37649e-07
37.5375	-1.36507e-07
37.5625	-1.35374e-07
37.5875	-1.3425e-07
37.6125	-1.33136e-07
37.6375	-1.32032e-07
37.6625	-1.30936e-07
37.6875	-1.2985e-07
37.7125	-1.28772e-07
37.7375	-1.27704e-07
37.7625	-1.26644e-07
37.7875	-1.25593e-07
37.8125	-1.24551e-07
37.8375	-1.23517e-07
37.8625	-1.22492e-07
37.8875	-1.21476e-07
37.9125	-1.20468e-07
37.9375	-1.19468e-07
37.9625	-1.18477e-07
37.9875	-1.17494e-07
38.0125	-1.16519e-07
38.0375	-1.15552e-07
38.0625	-1.14593e-07
38.0875	-1.13642e-07
38.1125	-1.12699e-07
38.1375	-1.11764e-07
38.1625	-1.10837e-07
38.1875	-1.09917e-07
38.2125	-1.09005e-07
38.2375	-1.081e-07
38.2625	-1.07203e-07
38.2875	-1.06314e-07
38.3125	-1.05431e-07
38.3375	-1.04557e-07
38.3625	-1.03689e-07
38.3875	-1.02828e-07
38.4125	-1.01975e-07
38.4375	-1.01129e-07
38.4625	-1.0029e-07
38.4875	-9.94576e-08
38.5125	-9.86323e-08
38.5375	-9.78139e-08
38.5625	-9.70022e-08
38.5875	-9.61973e-08
38.6125	-9.5399e-08
38.6375	-9.46074e-08
38.6625	-9.38224e-08
38.6875	-9.30438e-08
38.7125	-9.22717e-08
38.7375	-9.15061e-08
38.7625	-9.07467e-08
38.7875	-8.99937e-08
38.8125	-8.92469e-08
38.8375	-8.85064e-08
38.8625	-8.77719e-08
38.8875	-8.70436e-08
38.9125	-8.63213e-08
38.9375	-8.5605e-08
38.9625	-8.48947e-08
38.9875	-8.41902e-08
39.0125	-8.34916e-08
39.0375	-8.27988e-08
39.0625	-8.21117e-08
39.0875	-8.14303e-08
39.1125	-8.07546e-08
39.1375	-8.00845e-08
39.1625	-7.942e-08
39.1875	-7.87609e-08
39.2125	-7.81074e-08
39.2375	-7.74592e-08
39.2625	-7.68165e-08
39.2875	-7.6179e-08
39.3125	-7.55469e-08
39.3375	-7.492e-08
39.3625	-7.42983e-08
39.3875	-7.36818e-08
39.4125	-7.30704e-08
39.4375	-7.2464e-08
39.4625	-7.18627e-08
39.4875	-7.12664e-08
39.5125	-7.0675e-08
39.5375	-7.00885e-08
39.5625	-6.95069e-08
39.5875	-6.89302e-08
39.6125	-6.83582e-08
39.6375	-6.77909e-08
39.6625	-6.72284e-08
39.6875	-6.66705e-08
39.7125	-6.61173e-08
39.7375	-6.55687e-08
39.7625	-6.50246e-08
39.7875	-6.4485e-08
39.8125	-6.39499e-08
39.8375	-6.34192e-08
39.8625	-6.2893e-08
39.8875	-6.23711e-08
39.9125	-6.18535e-08
39.9375	-6.13402e-08
39.9625	-6.08312e-08
39.9875	-6.03265e-08
40.0125	-5.98259e-08
40.0375	-5.93294e-08
40.0625	-5.88371e-08
40.0875	-5.83489e-08
40.1125	-5.78647e-08
40.1375	-5.73845e-08
40.1625	-5.69083e-08
40.1875	-5.64361e-08
40.2125	-5.59678e-08
40.2375	-5.55034e-08
40.2625	-5.50428e-08
40.2875	-5.4586e-08
40.3125	-5.41331e-08
40.3375	-5.36839e-08
40.3625	-5.32384e-08
40.3875	-5.27966e-08
40.4125	-5.23585e-08
40.4375	-5.1924e-08
40.4625	-5.14932e-08
40.4875	-5.10659e-08
40.5125	-5.06421e-08
40.5375	-5.02219e-08
40.5625	-4.98051e-08
40.5875	-4.93919e-08
40.6125	-4.8982e-08
40.6375	-4.85755e-08
40.6625	-4.81725e-08
40.6875	-4.77727e-08
40.7125	-4.73763e-08
40.7375	-4.69832e-08
40.7625	-4.65933e-08
40.7875	-4.62067e-08
40.8125	-4.58232e-08
40.8375	-4.5443e-08
40.8625	-4.50659e-08
40.8875	-4.46919e-08
40.9125	-4.43211e-08
40.9375	-4.39533e-08
40.9625	-4.35886e-08
40.9875	-4.32269e-08
41.0125	-4.28682e-08
41.0375	-4.25124e-08
41.0625	-4.21597e-08
41.0875	-4.18098e-08
41.1125	-4.14629e-08
41.1375	-4.11188e-08
41.1625	-4.07776e-08
41.1875	-4.04392e-08
41.2125	-4.01036e-08
41.2375	-3.97709e-08
41.2625	-3.94408e-08
41.2875	-3.91136e-08
41.3125	-3.8789e-08
41.3375	-3.84671e-08
41.3625	-3.81479e-08
41.3875	-3.78313e-08
41.4125	-3.75174e-08
41.4375	-3.72061e-08
41.4625	-3.68974e-08
41.4875	-3.65912e-08
41.5125	-3.62875e-08
41.5375	-3.59864e-08
41.5625	-3.56878e-08
41.5875	-3.53917e-08
41.6125	-3.5098e-08
41.6375	-3.48067e-08
41.6625	-3.45179e-08
41.6875	-3.42315e-08
41.7125	-3.39474e-08
41.7375	-3.36657e-08
41.7625	-3.33863e-08
41.7875	-3.31093e-08
41.8125	-3.28345e-08
41.8375	-3.25621e-08
41.8625	-3.22919e-08
41.8875	-3.20239e-08
41.9125	-3.17582e-08
41.9375	-3.14946e-08
41.9625	-3.12333e-08
41.9875	-3.09741e-08
42.0125	-3.07171e-08
42.0375	-3.04622e-08
42.0625	-3.02094e-08
42.0875	-2.99587e-08
42.1125	-2.97101e-08
42.1375	-2.94636e-08
42.1625	-2.92191e-08
42.1875	-2.89766e-08
42.2125	-2.87362e-08
42.2375	-2.84977e-08
42.2625	-2.82612e-08
42.2875	-2.80267e-08
42.3125	-2.77942e-08
42.3375	-2.75635e-08
42.3625	-2.73348e-08
42.3875	-2.7108e-08
42.4125	-2.6883e-08
42.4375	-2.66599e-08
42.4625	-2.64387e-08
42.4875	-2.62193e-08
42.5125	-2.60018e-08
42.5375	-2.5786e-08
42.5625	-2.5572e-08
42.5875	-2.53598e-08
42.6125	-2.51494e-08
42.6375	-2.49407e-08
42.6625	-2.47337e-08
42.6875	-2.45285e-08
42.7125	-2.43249e-08
42.7375	-2.41231e-08
42.7625	-2.39229e-08
42.7875	-2.37244e-08
42.8125	-2.35275e-08
42.8375	-2.33323e-08
42.8625	-2.31387e-08
42.8875	-2.29467e-08
42.9125	-2.27562e-08
42.9375	-2.25674e-08
42.9625	-2.23801e-08
42.9875	-2.21944e-08
43.0125	-2.20102e-08
43.0375	-2.18276e-08
43.0625	-2.16465e-08
43.0875	-2.14669e-08
43.1125	-2.12887e-08
43.1375	-2.11121e-08
43.1625	-2.09369e-08
43.1875	-2.07631e-08
43.2125	-2.05908e-08
43.2375	-2.042e-08
43.2625	-2.02505e-08
43.2875	-2.00825e-08
43.3125	-1.99158e-08
43.3375	-1.97506e-08
43.3625	-1.95867e-08
43.3875	-1.94241e-08
43.4125	-1.9263e-08
43.4375	-1.91031e-08
43.4625	-1.89446e-08
43.4875	-1.87874e-08
43.5125	-1.86315e-08
43.5375	-1.84769e-08
43.5625	-1.83235e-08
43.5875	-1.81715e-08
43.6125	-1.80207e-08
43.6375	-1.78712e-08
43.6625	-1.77229e-08
43.6875	-1.75758e-08
43.7125	-1.743e-08
43.7375	-1.72853e-08
43.7625	-1.71419e-08
43.7875	-1.69996e-08
43.8125	-1.68586e-08
43.8375	-1.67187e-08
43.8625	-1.65799e-08
43.8875	-1.64424e-08
43.9125	-1.63059e-08
43.9375	-1.61706e-08
43.9625	-1.60364e-08
43.9875	-1.59033e-08
44.0125	-1.57714e-08
44.0375	-1.56405e-08
44.0625	-1.55107e-08
44.0875	-1.5382e-08
44.1125	-1.52544e-08
44.1375	-1.51278e-08
44.1625	-1.50022e-08
44.1875	-1.48777e-08
44.2125	-1.47543e-08
44.2375	-1.46319e-08
44.2625	-1.45104e-08
44.2875	-1.439e-08
44.3125	-1.42706e-08
44.3375	-1.41522e-08
44.3625	-1.40348e-08
44.3875	-1.39183e-08
44.4125	-1.38028e-08
44.4375	-1.36883e-08
44.4625	-1.35747e-08
44.4875	-1.3462e-08
44.5125	-1.33503e-08
44.5375	-1.32395e-08
44.5625	-1.31297e-08
44.5875	-1.30207e-08
44.6125	-1.29127e-08
44.6375	-1.28055e-08
44.6625	-1.26993e-08
44.6875	-1.25939e-08
44.7125	-1.24894e-08
44.7375	-1.23857e-08
44.7625	-1.22829e-08
44.7875	-1.2181e-08
44.8125	-1.20799e-08
44.8375	-1.19797e-08
44.8625	-1.18803e-08
44.8875	-1.17817e-08
44.9125	-1.16839e-08
44.9375	-1.1587e-08
44.9625	-1.14908e-08
44.9875	-1.13955e-08
45.0125	-1.13009e-08
45.0375	-1.12071e-08
45.0625	-1.11141e-08
45.0875	-1.10219e-08
45.1125	-1.09304e-08
45.1375	-1.08397e-08
45.1625	-1.07498e-08
45.1875	-1.06606e-08
45.2125	-1.05721e-08
45.2375	-1.04844e-08
45.2625	-1.03974e-08
45.2875	-1.03111e-08
45.3125	-1.02255e-08
45.3375	-1.01407e-08
45.3625	-1.00565e-08
45.3875	-9.97309e-09
45.4125	-9.89033e-09
45.4375	-9.80826e-09
45.4625	-9.72687e-09
45.4875	-9.64616e-09
45.5125	-9.56611e-09
45.5375	-9.48673e-09
45.5625	-9.40801e-09
45.5875	-9.32994e-09
45.6125	-9.25251e-09
45.6375	-9.17573e-09
45.6625	-9.09959e-09
45.6875	-9.02408e-09
45.7125	-8.9492e-09
45.7375	-8.87494e-09
45.7625	-8.80129e-09
45.7875	-8.72825e-09
45.8125	-8.65582e-09
45.8375	-8.584e-09
45.8625	-8.51276e-09
45.8875	-8.44212e-09
45.9125	-8.37207e-09
45.9375	-8.3026e-09
45.9625	-8.2337e-09
45.9875	-8.16537e-09
46.0125	-8.09762e-09
46.0375	-8.03042e-09
46.0625	-7.96378e-09
46.0875	-7.8977e-09
46.1125	-7.83216e-09
46.1375	-7.76717e-09
46.1625	-7.70271e-09
46.1875	-7.63879e-09
46.2125	-7.5754e-09
46.2375	-7.51254e-09
46.2625	-7.4502e-09
46.2875	-7.38838e-09
46.3125	-7.32707e-09
46.3375	-7.26627e-09
46.3625	-7.20597e-09
46.3875	-7.14617e-09
46.4125	-7.08687e-09
46.4375	-7.02806e-09
46.4625	-6.96974e-09
46.4875	-6.9119e-09
46.5125	-6.85455e-09
46.5375	-6.79767e-09
46.5625	-6.74126e-09
46.5875	-6.68532e-09
46.6125	-6.62984e-09
46.6375	-6.57483e-09
46.6625	-6.52027e-09
46.6875	-6.46616e-09
46.7125	-6.4125e-09
46.7375	-6.35929e-09
46.7625	-6.30652e-09
46.7875	-6.25419e-09
46.8125	-6.20229e-09
46.8375	-6.15082e-09
46.8625	-6.09978e-09
46.8875	-6.04916e-09
46.9125	-5.99896e-09
46.9375	-5.94918e-09
46.9625	-5.89981e-09
46.9875	-5.85086e-09
47.0125	-5.8023e-09
47.0375	-5.75415e-09
47.0625	-5.70641e-09
47.0875	-5.65905e-09
47.1125	-5.61209e-09
47.1375	-5.56552e-09
47.1625	-5.51934e-09
47.1875	-5.47354e-09
47.2125	-5.42812e-09
47.2375	-5.38307e-09
47.2625	-5.3384e-09
47.2875	-5.2941e-09
47.3125	-5.25017e-09
47.3375	-5.2066e-09
47.3625	-5.1634e-09
47.3875	-5.12055e-09
47.4125	-5.07806e-09
47.4375	-5.03592e-09
47.4625	-4.99413e-09
47.4875	-4.95269e-09
47.5125	-4.91159e-09
47.5375	-4.87083e-09
47.5625	-4.83041e-09
47.5875	-4.79033e-09
47.6125	-4.75058e-09
47.6375	-4.71115e-09
47.6625	-4.67206e-09
47.6875	-4.63329e-09
47.7125	-4.59484e-09
47.7375	-4.55671e-09
47.7625	-4.5189e-09
47.7875	-4.4814e-09
47.8125	-4.44421e-09
47.8375	-4.40733e-09
47.8625	-4.37076e-09
47.8875	-4.33449e-09
47.9125	-4.29852e-09
47.9375	-4.26285e-09
47.9625	-4.22748e-09
47.9875	-4.1924e-09
48.0125	-4.15761e-09
48.0375	-4.12311e-09
48.0625	-4.08889e-09
48.0875	-4.05496e-09
48.1125	-4.02131e-09
48.1375	-3.98794e-09
48.1625	-3.95485e-09
48.1875	-3.92203e-09
48.2125	-3.88948e-09
48.2375	-3.85721e-09
48.2625	-3.8252e-09
48.2875	-3.79346e-09
48.3125	-3.76198e-09
48.3375	-3.73076e-09
48.3625	-3.6998e-09
48.3875	-3.6691e-09
48.4125	-3.63865e-09
48.4375	-3.60846e-09
48.4625	-3.57851e-09
48.4875	-3.54882e-09
48.5125	-3.51937e-09
48.5375	-3.49016e-09
48.5625	-3.4612e-09
48.5875	-3.43248e-09
48.6125	-3.404e-09
48.6375	-3.37575e-09
48.6625	-3.34774e-09
48.6875	-3.31995e-09
48.7125	-3.2924e-09
48.7375	-3.26508e-09
48.7625	-3.23799e-09
48.7875	-3.21112e-09
48.8125	-3.18447e-09
48.8375	-3.15805e-09
48.8625	-3.13184e-09
48.8875	-3.10585e-09
48.9125	-3.08008e-09
48.9375	-3.05452e-09
48.9625	-3.02917e-09
48.9875	-3.00403e-09
49.0125	-2.97911e-09
49.0375	-2.95438e-09
49.0625	-2.92987e-09
49.0875	-2.90556e-09
49.1125	-2.88144e-09
49.1375	-2.85753e-09
49.1625	-2.83382e-09
49.1875	-2.8103e-09
49.2125	-2.78698e-09
49.2375	-2.76386e-09
49.2625	-2.74092e-09
49.2875	-2.71818e-09
49.3125	-2.69562e-09
49.3375	-2.67325e-09
49.3625	-2.65107e-09
49.3875	-2.62907e-09
49.4125	-2.60725e-09
49.4375	-2.58562e-09
49.4625	-2.56416e-09
49.4875	-2.54288e-09
49.5125	-2.52178e-09
49.5375	-2.50085e-09
49.5625	-2.4801e-09
49.5875	-2.45952e-09
49.6125	-2.43911e-09
49.6375	-2.41887e-09
49.6625	-2.3988e-09
49.6875	-2.37889e-09
49.7125	-2.35915e-09
49.7375	-2.33957e-09
49.7625	-2.32016e-09
49.7875	-2.30091e-09
49.8125	-2.28181e-09
49.8375	-2.26288e-09
49.8625	-2.2441e-09
49.8875	-2.22548e-09
49.9125	-2.20701e-09
49.9375	-2.18869e-09
49.9625	-2.17053e-09
49.9875	-2.15252e-09
50.0125	-2.13466e-09
50.0375	-2.11694e-09
50.0625	-2.09938e-09
50.0875	-2.08196e-09
50.1125	-2.06468e-09
50.1375	-2.04755e-09
50.1625	-2.03055e-09
50.1875	-2.0137e-09
50.2125	-1.99699e-09
50.2375	-1.98042e-09
50.2625	-1.96399e-09
50.2875	-1.94769e-09
50.3125	-1.93153e-09
50.3375	-1.9155e-09
50.3625	-1.8996e-09
50.3875	-1.88384e-09
50.4125	-1.86821e-09
50.4375	-1.8527e-09
50.4625	-1.83733e-09
50.4875	-1.82208e-09
50.5125	-1.80696e-09
50.5375	-1.79197e-09
50.5625	-1.7771e-09
50.5875	-1.76235e-09
50.6125	-1.74773e-09
50.6375	-1.73322e-09
50.6625	-1.71884e-09
50.6875	-1.70458e-09
50.7125	-1.69043e-09
50.7375	-1.6764e-09
50.7625	-1.66249e-09
50.7875	-1.6487e-09
50.8125	-1.63502e-09
50.8375	-1.62145e-09
50.8625	-1.60799e-09
50.8875	-1.59465e-09
50.9125	-1.58142e-09
50.9375	-1.56829e-09
50.9625	-1.55528e-09
50.9875	-1.54237e-09
51.0125	-1.52957e-09
51.0375	-1.51688e-09
51.0625	-1.50429e-09
51.0875	-1.49181e-09
51.1125	-1.47943e-09
51.1375	-1.46715e-09
51.1625	-1.45498e-09
51.1875	-1.4429e-09
51.2125	-1.43093e-09
51.2375	-1.41906e-09
51.2625	-1.40728e-09
51.2875	-1.3956e-09
51.3125	-1.38402e-09
51.3375	-1.37254e-09
51.3625	-1.36115e-09
51.3875	-1.34985e-09
51.4125	-1.33865e-09
51.4375	-1.32754e-09
51.4625	-1.31652e-09
51.4875	-1.3056e-09
51.5125	-1.29477e-09
51.5375	-1.28402e-09
51.5625	-1.27337e-09
51.5875	-1.2628e-09
51.6125	-1.25232e-09
51.6375	-1.24193e-09
51.6625	-1.23162e-09
51.6875	-1.2214e-09
51.7125	-1.21127e-09
51.7375	-1.20121e-09
51.7625	-1.19125e-09
51.7875	-1.18136e-09
51.8125	-1.17156e-09
51.8375	-1.16184e-09
51.8625	-1.15219e-09
51.8875	-1.14263e-09
51.9125	-1.13315e-09
51.9375	-1.12375e-09
51.9625	-1.11442e-09
51.9875	-1.10517e-09
52.0125	-1.096e-09
52.0375	-1.08691e-09
52.0625	-1.07789e-09
52.0875	-1.06894e-09
52.1125	-1.06007e-09
52.1375	-1.05128e-09
52.1625	-1.04255e-09
52.1875	-1.0339e-09
52.2125	-1.02532e-09
52.2375	-1.01681e-09
52.2625	-1.00838e-09
52.2875	-1.00001e-09
52.3125	-9.91709e-10
52.3375	-9.8348e-10
52.3625	-9.75318e-10
52.3875	-9.67225e-10
52.4125	-9.59198e-10
52.4375	-9.51239e-10
52.4625	-9.43345e-10
52.4875	-9.35517e-10
52.5125	-9.27753e-10
52.5375	-9.20055e-10
52.5625	-9.1242e-10
52.5875	-9.04848e-10
52.6125	-8.97339e-10
52.6375	-8.89893e-10
52.6625	-8.82508e-10
52.6875	-8.75185e-10
52.7125	-8.67922e-10
52.7375	-8.6072e-10
52.7625	-8.53577e-10
52.7875	-8.46494e-10
52.8125	-8.3947e-10
52.8375	-8.32503e-10
52.8625	-8.25595e-10
52.8875	-8.18744e-10
52.9125	-8.1195e-10
52.9375	-8.05212e-10
52.9625	-7.9853e-10
52.9875	-7.91903e-10
53.0125	-7.85332e-10
53.0375	-7.78815e-10
53.0625	-7.72352e-10
53.0875	-7.65943e-10
53.1125	-7.59587e-10
53.1375	-7.53283e-10
53.1625	-7.47032e-10
53.1875	-7.40833e-10
53.2125	-7.34685e-10
53.2375	-7.28589e-10
53.2625	-7.22543e-10
53.2875	-7.16547e-10
53.3125	-7.10601e-10
53.3375	-7.04704e-10
53.3625	-6.98856e-10
53.3875	-6.93057e-10
53.4125	-6.87305e-10
53.4375	-6.81602e-10
53.4625	-6.75946e-10
53.4875	-6.70336e-10
53.5125	-6.64774e-10
53.5375	-6.59257e-10
53.5625	-6.53786e-10
53.5875	-6.48361e-10
53.6125	-6.42981e-10
53.6375	-6.37645e-10
53.6625	-6.32354e-10
53.6875	-6.27106e-10
53.7125	-6.21902e-10
53.7375	-6.16741e-10
53.7625	-6.11623e-10
53.7875	-6.06548e-10
53.8125	-6.01515e-10
53.8375	-5.96523e-10
53.8625	-5.91573e-10
53.8875	-5.86664e-10
53.9125	-5.81795e-10
53.9375	-5.76967e-10
53.9625	-5.72179e-10
53.9875	-5.67431e-10
54.0125	-5.62723e-10
54.0375	-5.58053e-10
54.0625	-5.53422e-10
54.0875	-5.48829e-10
54.1125	-5.44275e-10
54.1375	-5.39758e-10
54.1625	-5.35279e-10
54.1875	-5.30837e-10
54.2125	-5.26432e-10
54.2375	-5.22064e-10
54.2625	-5.17731e-10
54.2875	-5.13435e-10
54.3125	-5.09174e-10
54.3375	-5.04949e-10
54.3625	-5.00759e-10
54.3875	-4.96603e-10
54.4125	-4.92482e-10
54.4375	-4.88396e-10
54.4625	-4.84343e-10
54.4875	-4.80323e-10
54.5125	-4.76338e-10
54.5375	-4.72385e-10
54.5625	-4.68465e-10
54.5875	-4.64577e-10
54.6125	-4.60722e-10
54.6375	-4.56899e-10
54.6625	-4.53107e-10
54.6875	-4.49347e-10
54.7125	-4.45618e-10
54.7375	-4.4192e-10
54.7625	-4.38253e-10
54.7875	-4.34616e-10
54.8125	-4.3101e-10
54.8375	-4.27433e-10
54.8625	-4.23886e-10
54.8875	-4.20368e-10
54.9125	-4.1688e-10
54.9375	-4.13421e-10
54.9625	-4.0999e-10
54.9875	-4.06588e-10
55.0125	-4.03214e-10
55.0375	-3.99868e-10
55.0625	-3.96549e-10
55.0875	-3.93259e-10
55.1125	-3.89995e-10
55.1375	-3.86759e-10
55.1625	-3.83549e-10
55.1875	-3.80367e-10
55.2125	-3.7721e-10
55.2375	-3.7408e-10
55.2625	-3.70976e-10
55.2875	-3.67897e-10
55.3125	-3.64844e-10
55.3375	-3.61817e-10
55.3625	-3.58814e-10
55.3875	-3.55836e-10
55.4125	-3.52884e-10
55.4375	-3.49955e-10
55.4625	-3.47051e-10
55.4875	-3.44171e-10
55.5125	-3.41315e-10
55.5375	-3.38483e-10
55.5625	-3.35674e-10
55.5875	-3.32888e-10
55.6125	-3.30126e-10
55.6375	-3.27386e-10
55.6625	-3.2467e-10
55.6875	-3.21975e-10
55.7125	-3.19303e-10
55.7375	-3.16654e-10
55.7625	-3.14026e-10
55.7875	-3.1142e-10
55.8125	-3.08836e-10
55.8375	-3.06273e-10
55.8625	-3.03731e-10
55.8875	-3.01211e-10
55.9125	-2.98711e-10
55.9375	-2.96233e-10
55.9625	-2.93774e-10
55.9875	-2.91336e-10
56.0125	-2.88919e-10
56.0375	-2.86521e-10
56.0625	-2.84144e-10
56.0875	-2.81786e-10
56.1125	-2.79447e-10
56.1375	-2.77128e-10
56.1625	-2.74829e-10
56.1875	-2.72548e-10
56.2125	-2.70286e-10
56.2375	-2.68043e-10
56.2625	-2.65819e-10
56.2875	-2.63613e-10
56.3125	-2.61425e-10
56.3375	-2.59256e-10
56.3625	-2.57105e-10
56.3875	-2.54971e-10
56.4125	-2.52855e-10
56.4375	-2.50757e-10
56.4625	-2.48676e-10
56.4875	-2.46612e-10
56.5125	-2.44566e-10
56.5375	-2.42536e-10
56.5625	-2.40524e-10
56.5875	-2.38528e-10
56.6125	-2.36548e-10
56.6375	-2.34585e-10
56.6625	-2.32639e-10
56.6875	-2.30708e-10
56.7125	-2.28794e-10
56.7375	-2.26895e-10
56.7625	-2.25012e-10
56.7875	-2.23145e-10
56.8125	-2.21293e-10
56.8375	-2.19457e-10
56.8625	-2.17636e-10
56.8875	-2.1583e-10
56.9125	-2.14039e-10
56.9375	-2.12262e-10
56.9625	-2.10501e-10
56.9875	-2.08754e-10
57.0125	-2.07022e-10
57.0375	-2.05304e-10
57.0625	-2.036e-10
57.0875	-2.01911e-10
57.1125	-2.00235e-10
57.1375	-1.98573e-10
57.1625	-1.96926e-10
57.1875	-1.95291e-10
57.2125	-1.93671e-10
57.2375	-1.92064e-10
57.2625	-1.9047e-10
57.2875	-1.88889e-10
57.3125	-1.87322e-10
57.3375	-1.85767e-10
57.3625	-1.84226e-10
57.3875	-1.82697e-10
57.4125	-1.81181e-10
57.4375	-1.79677e-10
57.4625	-1.78186e-10
57.4875	-1.76708e-10
57.5125	-1.75241e-10
57.5375	-1.73787e-10
57.5625	-1.72345e-10
57.5875	-1.70915e-10
57.6125	-1.69496e-10
57.6375	-1.6809e-10
57.6625	-1.66695e-10
57.6875	-1.65312e-10
57.7125	-1.6394e-10
57.7375	-1.62579e-10
57.7625	-1.6123e-10
57.7875	-1.59892e-10
57.8125	-1.58565e-10
57.8375	-1.5725e-10
57.8625	-1.55945e-10
57.8875	-1.5465e-10
57.9125	-1.53367e-10
57.9375	-1.52094e-10
57.9625	-1.50832e-10
57.9875	-1.49581e-10
58.0125	-1.48339e-10
58.0375	-1.47108e-10
58.0625	-1.45888e-10
58.0875	-1.44677e-10
58.1125	-1.43476e-10
58.1375	-1.42286e-10
58.1625	-1.41105e-10
58.1875	-1.39934e-10
58.2125	-1.38773e-10
58.2375	-1.37621e-10
58.2625	-1.36479e-10
58.2875	-1.35347e-10
58.3125	-1.34223e-10
58.3375	-1.3311e-10
58.3625	-1.32005e-10
58.3875	-1.3091e-10
58.4125	-1.29823e-10
58.4375	-1.28746e-10
58.4625	-1.27677e-10
58.4875	-1.26618e-10
58.5125	-1.25567e-10
58.5375	-1.24525e-10
58.5625	-1.23492e-10
58.5875	-1.22467e-10
58.6125	-1.21451e-10
58.6375	-1.20443e-10
58.6625	-1.19443e-10
58.6875	-1.18452e-10
58.7125	-1.17469e-10
58.7375	-1.16494e-10
58.7625	-1.15528e-10
58.7875	-1.14569e-10
58.8125	-1.13618e-10
58.8375	-1.12675e-10
58.8625	-1.1174e-10
58.8875	-1.10813e-10
58.9125	-1.09894e-10
58.9375	-1.08982e-10
58.9625	-1.08077e-10
58.9875	-1.0718e-10
59.0125	-1.06291e-10
59.0375	-1.05409e-10
59.0625	-1.04534e-10
59.0875	-1.03667e-10
59.1125	-1.02806e-10
59.1375	-1.01953e-10
59.1625	-1.01107e-10
59.1875	-1.00268e-10
59.2125	-9.94361e-11
59.2375	-9.8611e-11
59.2625	-9.77926e-11
59.2875	-9.69811e-11
59.3125	-9.61763e-11
59.3375	-9.53782e-11
59.3625	-9.45867e-11
59.3875	-9.38018e-11
59.4125	-9.30234e-11
59.4375	-9.22514e-11
59.4625	-9.14859e-11
59.4875	-9.07267e-11
59.5125	-8.99738e-11
59.5375	-8.92272e-11
59.5625	-8.84867e-11
59.5875	-8.77524e-11
59.6125	-8.70242e-11
59.6375	-8.6302e-11
59.6625	-8.55859e-11
59.6875	-8.48756e-11
59.7125	-8.41713e-11
59.7375	-8.34728e-11
59.7625	-8.27801e-11
59.7875	-8.20932e-11
59.8125	-8.14119e-11
59.8375	-8.07363e-11
59.8625	-8.00663e-11
59.8875	-7.94019e-11
59.9125	-7.8743e-11
59.9375	-7.80896e-11
59.9625	-7.74415e-11
59.9875	-7.67989e-11
60.0125	-7.61616e-11
60.0375	-7.55296e-11
60.0625	-7.49028e-11
60.0875	-7.42812e-11
60.1125	-7.36648e-11
60.1375	-7.30535e-11
60.1625	-7.24472e-11
60.1875	-7.1846e-11
60.2125	-7.12498e-11
60.2375	-7.06586e-11
60.2625	-7.00722e-11
60.2875	-6.94907e-11
60.3125	-6.89141e-11
60.3375	-6.83422e-11
60.3625	-6.7775e-11
60.3875	-6.72126e-11
60.4125	-6.66548e-11
60.4375	-6.61017e-11
60.4625	-6.55532e-11
60.4875	-6.50092e-11
60.5125	-6.44697e-11
60.5375	-6.39347e-11
60.5625	-6.34041e-11
60.5875	-6.2878e-11
60.6125	-6.23562e-11
60.6375	-6.18387e-11
60.6625	-6.13256e-11
60.6875	-6.08167e-11
60.7125	-6.0312e-11
60.7375	-5.98115e-11
60.7625	-5.93151e-11
60.7875	-5.88229e-11
60.8125	-5.83348e-11
60.8375	-5.78507e-11
60.8625	-5.73706e-11
60.8875	-5.68945e-11
60.9125	-5.64224e-11
60.9375	-5.59542e-11
60.9625	-5.54898e-11
60.9875	-5.50294e-11
61.0125	-5.45727e-11
61.0375	-5.41198e-11
61.0625	-5.36707e-11
61.0875	-5.32253e-11
61.1125	-5.27836e-11
61.1375	-5.23456e-11
61.1625	-5.19112e-11
61.1875	-5.14805e-11
61.2125	-5.10532e-11
61.2375	-5.06296e-11
61.2625	-5.02094e-11
61.2875	-4.97928e-11
61.3125	-4.93796e-11
61.3375	-4.89698e-11
61.3625	-4.85634e-11
61.3875	-4.81604e-11
61.4125	-4.77608e-11
61.4375	-4.73644e-11
61.4625	-4.69714e-11
61.4875	-4.65816e-11
61.5125	-4.6195e-11
61.5375	-4.58117e-11
61.5625	-4.54315e-11
61.5875	-4.50545e-11
61.6125	-4.46806e-11
61.6375	-4.43098e-11
61.6625	-4.39421e-11
61.6875	-4.35775e-11
61.7125	-4.32158e-11
61.7375	-4.28572e-11
61.7625	-4.25016e-11
61.7875	-4.21489e-11
61.8125	-4.17991e-11
61.8375	-4.14522e-11
61.8625	-4.11082e-11
61.8875	-4.07671e-11
61.9125	-4.04288e-11
61.9375	-4.00933e-11
61.9625	-3.97606e-11
61.9875	-3.94306e-11
62.0125	-3.91034e-11
62.0375	-3.87789e-11
62.0625	-3.84571e-11
62.0875	-3.8138e-11
62.1125	-3.78215e-11
62.1375	-3.75076e-11
62.1625	-3.71964e-11
62.1875	-3.68877e-11
62.2125	-3.65816e-11
62.2375	-3.6278e-11
62.2625	-3.5977e-11
62.2875	-3.56784e-11
62.3125	-3.53823e-11
62.3375	-3.50887e-11
62.3625	-3.47975e-11
62.3875	-3.45088e-11
62.4125	-3.42224e-11
62.4375	-3.39384e-11
62.4625	-3.36568e-11
62.4875	-3.33775e-11
62.5125	-3.31005e-11
62.5375	-3.28258e-11
62.5625	-3.25534e-11
62.5875	-3.22833e-11
62.6125	-3.20154e-11
62.6375	-3.17497e-11
62.6625	-3.14862e-11
62.6875	-3.12249e-11
62.7125	-3.09658e-11
62.7375	-3.07088e-11
62.7625	-3.0454e-11
62.7875	-3.02013e-11
62.8125	-2.99506e-11
62.8375	-2.97021e-11
62.8625	-2.94556e-11
62.8875	-2.92112e-11
62.9125	-2.89688e-11
62.9375	-2.87284e-11
62.9625	-2.849e-11
62.9875	-2.82535e-11
63.0125	-2.80191e-11
63.0375	-2.77866e-11
63.0625	-2.7556e-11
63.0875	-2.73273e-11
63.1125	-2.71005e-11
63.1375	-2.68756e-11
63.1625	-2.66526e-11
63.1875	-2.64314e-11
63.2125	-2.62121e-11
63.2375	-2.59946e-11
63.2625	-2.57789e-11
63.2875	-2.55649e-11
63.3125	-2.53528e-11
63.3375	-2.51424e-11
63.3625	-2.49337e-11
63.3875	-2.47268e-11
63.4125	-2.45216e-11
63.4375	-2.43181e-11
63.4625	-2.41163e-11
63.4875	-2.39162e-11
63.5125	-2.37177e-11
63.5375	-2.35209e-11
63.5625	-2.33257e-11
63.5875	-2.31322e-11
63.6125	-2.29402e-11
63.6375	-2.27498e-11
63.6625	-2.2561e-11
63.6875	-2.23738e-11
63.7125	-2.21882e-11
63.7375	-2.2004e-11
63.7625	-2.18214e-11
63.7875	-2.16403e-11
63.8125	-2.14608e-11
63.8375	-2.12827e-11
63.8625	-2.11061e-11
63.8875	-2.09309e-11
63.9125	-2.07572e-11
63.9375	-2.0585e-11
63.9625	-2.04141e-11
63.9875	-2.02447e-11
64.0125	-2.00767e-11
64.0375	-1.99101e-11
64.0625	-1.97449e-11
64.0875	-1.9581e-11
64.1125	-1.94186e-11
64.1375	-1.92574e-11
64.1625	-1.90976e-11
64.1875	-1.89391e-11
64.2125	-1.87819e-11
64.2375	-1.86261e-11
64.2625	-1.84715e-11
64.2875	-1.83182e-11
64.3125	-1.81662e-11
64.3375	-1.80155e-11
64.3625	-1.7866e-11
64.3875	-1.77177e-11
64.4125	-1.75707e-11
64.4375	-1.74249e-11
64.4625	-1.72803e-11
64.4875	-1.71369e-11
64.5125	-1.69947e-11
64.5375	-1.68536e-11
64.5625	-1.67138e-11
64.5875	-1.65751e-11
64.6125	-1.64375e-11
64.6375	-1.63011e-11
64.6625	-1.61658e-11
64.6875	-1.60317e-11
64.7125	-1.58986e-11
64.7375	-1.57667e-11
64.7625	-1.56359e-11
64.7875	-1.55061e-11
64.8125	-1.53774e-11
64.8375	-1.52498e-11
64.8625	-1.51233e-11
64.8875	-1.49978e-11
64.9125	-1.48733e-11
64.9375	-1.47499e-11
64.9625	-1.46275e-11
64.9875	-1.45061e-11
65.0125	-1.43857e-11
65.0375	-1.42663e-11
65.0625	-1.4148e-11
65.0875	-1.40305e-11
65.1125	-1.39141e-11
65.1375	-1.37986e-11
65.1625	-1.36841e-11
65.1875	-1.35706e-11
65.2125	-1.3458e-11
65.2375	-1.33463e-11
65.2625	-1.32355e-11
65.2875	-1.31257e-11
65.3125	-1.30168e-11
65.3375	-1.29088e-11
65.3625	-1.28016e-11
65.3875	-1.26954e-11
65.4125	-1.259e-11
65.4375	-1.24856e-11
65.4625	-1.2382e-11
65.4875	-1.22792e-11
65.5125	-1.21773e-11
65.5375	-1.20762e-11
65.5625	-1.1976e-11
65.5875	-1.18767e-11
65.6125	-1.17781e-11
65.6375	-1.16804e-11
65.6625	-1.15834e-11
65.6875	-1.14873e-11
65.7125	-1.1392e-11
65.7375	-1.12974e-11
65.7625	-1.12037e-11
65.7875	-1.11107e-11
65.8125	-1.10185e-11
65.8375	-1.09271e-11
65.8625	-1.08364e-11
65.8875	-1.07465e-11
65.9125	-1.06573e-11
65.9375	-1.05688e-11
65.9625	-1.04811e-11
65.9875	-1.03942e-11
66.0125	-1.03079e-11
66.0375	-1.02224e-11
66.0625	-1.01375e-11
66.0875	-1.00534e-11
66.1125	-9.96998e-12
66.1375	-9.88724e-12
66.1625	-9.80519e-12
66.1875	-9.72383e-12
66.2125	-9.64313e-12
66.2375	-9.56311e-12
66.2625	-9.48375e-12
66.2875	-9.40505e-12
66.3125	-9.327e-12
66.3375	-9.2496e-12
66.3625	-9.17284e-12
66.3875	-9.09672e-12
66.4125	-9.02123e-12
66.4375	-8.94637e-12
66.4625	-8.87213e-12
66.4875	-8.7985e-12
66.5125	-8.72549e-12
66.5375	-8.65308e-12
66.5625	-8.58127e-12
66.5875	-8.51006e-12
66.6125	-8.43944e-12
66.6375	-8.3694e-12
66.6625	-8.29995e-12
66.6875	-8.23107e-12
66.7125	-8.16277e-12
66.7375	-8.09503e-12
66.7625	-8.02785e-12
66.7875	-7.96123e-12
66.8125	-7.89516e-12
66.8375	-7.82965e-12
66.8625	-7.76467e-12
66.8875	-7.70024e-12
66.9125	-7.63634e-12
66.9375	-7.57297e-12
66.9625	-7.51012e-12
66.9875	-7.4478e-12
67.0125	-7.38599e-12
67.0375	-7.3247e-12
67.0625	-7.26392e-12
67.0875	-7.20364e-12
67.1125	-7.14386e-12
67.1375	-7.08457e-12
67.1625	-7.02578e-12
67.1875	-6.96748e-12
67.2125	-6.90966e-12
67.2375	-6.85232e-12
67.2625	-6.79545e-12
67.2875	-6.73906e-12
67.3125	-6.68314e-12
67.3375	-6.62768e-12
67.3625	-6.57268e-12
67.3875	-6.51813e-12
67.4125	-6.46404e-12
67.4375	-6.4104e-12
67.4625	-6.3572e-12
67.4875	-6.30445e-12
67.5125	-6.25213e-12
67.5375	-6.20025e-12
67.5625	-6.14879e-12
67.5875	-6.09777e-12
67.6125	-6.04717e-12
67.6375	-5.99698e-12
67.6625	-5.94722e-12
67.6875	-5.89786e-12
67.7125	-5.84892e-12
67.7375	-5.80038e-12
67.7625	-5.75225e-12
67.7875	-5.70451e-12
67.8125	-5.65717e-12
67.8375	-5.61023e-12
67.8625	-5.56367e-12
67.8875	-5.5175e-12
67.9125	-5.47171e-12
67.9375	-5.42631e-12
67.9625	-5.38128e-12
67.9875	-5.33662e-12
68.0125	-5.29233e-12
68.0375	-5.24842e-12
68.0625	-5.20486e-12
68.0875	-5.16167e-12
68.1125	-5.11883e-12
68.1375	-5.07636e-12
68.1625	-5.03423e-12
68.1875	-4.99245e-12
68.2125	-4.95102e-12
68.2375	-4.90994e-12
68.2625	-4.86919e-12
68.2875	-4.82878e-12
68.3125	-4.78871e-12
68.3375	-4.74897e-12
68.3625	-4.70956e-12
68.3875	-4.67048e-12
68.4125	-4.63172e-12
68.4375	-4.59329e-12
68.4625	-4.55517e-12
68.4875	-4.51737e-12
68.5125	-4.47988e-12
68.5375	-4.4427e-12
68.5625	-4.40584e-12
68.5875	-4.36927e-12
68.6125	-4.33301e-12
68.6375	-4.29706e-12
68.6625	-4.2614e-12
68.6875	-4.22603e-12
68.7125	-4.19096e-12
68.7375	-4.15619e-12
68.7625	-4.1217e-12
68.7875	-4.08749e-12
68.8125	-4.05357e-12
68.8375	-4.01993e-12
68.8625	-3.98657e-12
68.8875	-3.95349e-12
68.9125	-3.92068e-12
68.9375	-3.88815e-12
68.9625	-3.85588e-12
68.9875	-3.82388e-12
69.0125	-3.79215e-12
69.0375	-3.76068e-12
69.0625	-3.72947e-12
69.0875	-3.69852e-12
69.1125	-3.66783e-12
69.1375	-3.63739e-12
69.1625	-3.60721e-12
69.1875	-3.57727e-12
69.2125	-3.54759e-12
69.2375	-3.51815e-12
69.2625	-3.48895e-12
69.2875	-3.46e-12
69.3125	-3.43129e-12
69.3375	-3.40281e-12
69.3625	-3.37457e-12
69.3875	-3.34657e-12
69.4125	-3.3188e-12
69.4375	-3.29126e-12
69.4625	-3.26394e-12
69.4875	-3.23686e-12
69.5125	-3.21e-12
69.5375	-3.18336e-12
69.5625	-3.15694e-12
69.5875	-3.13074e-12
69.6125	-3.10476e-12
69.6375	-3.079e-12
69.6625	-3.05345e-12
69.6875	-3.02811e-12
69.7125	-3.00298e-12
69.7375	-2.97806e-12
69.7625	-2.95334e-12
69.7875	-2.92884e-12
69.8125	-2.90453e-12
69.8375	-2.88043e-12
69.8625	-2.85652e-12
69.8875	-2.83282e-12
69.9125	-2.80931e-12
69.9375	-2.786e-12
69.9625	-2.76288e-12
69.9875	-2.73995e-12
70.0125	-2.71721e-12
70.0375	-2.69466e-12
70.0625	-2.6723e-12
70.0875	-2.65013e-12
70.1125	-2.62813e-12
70.1375	-2.60632e-12
70.1625	-2.58469e-12
70.1875	-2.56325e-12
70.2125	-2.54197e-12
70.2375	-2.52088e-12
70.2625	-2.49996e-12
70.2875	-2.47921e-12
70.3125	-2.45864e-12
70.3375	-2.43824e-12
70.3625	-2.418e-12
70.3875	-2.39794e-12
70.4125	-2.37804e-12
70.4375	-2.3583e-12
70.4625	-2.33873e-12
70.4875	-2.31932e-12
70.5125	-2.30008e-12
70.5375	-2.28099e-12
70.5625	-2.26206e-12
70.5875	-2.24329e-12
70.6125	-2.22467e-12
70.6375	-2.20621e-12
70.6625	-2.1879e-12
70.6875	-2.16975e-12
70.7125	-2.15174e-12
70.7375	-2.13389e-12
70.7625	-2.11618e-12
70.7875	-2.09862e-12
70.8125	-2.0812e-12
70.8375	-2.06393e-12
70.8625	-2.0468e-12
70.8875	-2.02982e-12
70.9125	-2.01297e-12
70.9375	-1.99627e-12
70.9625	-1.9797e-12
70.9875	-1.96327e-12
71.0125	-1.94698e-12
71.0375	-1.93082e-12
71.0625	-1.9148e-12
71.0875	-1.89891e-12
71.1125	-1.88315e-12
71.1375	-1.86752e-12
71.1625	-1.85203e-12
71.1875	-1.83666e-12
71.2125	-1.82142e-12
71.2375	-1.8063e-12
71.2625	-1.79131e-12
71.2875	-1.77645e-12
71.3125	-1.7617e-12
71.3375	-1.74708e-12
71.3625	-1.73259e-12
71.3875	-1.71821e-12
71.4125	-1.70395e-12
71.4375	-1.68981e-12
71.4625	-1.67579e-12
71.4875	-1.66188e-12
71.5125	-1.64809e-12
71.5375	-1.63441e-12
71.5625	-1.62085e-12
71.5875	-1.6074e-12
71.6125	-1.59406e-12
71.6375	-1.58083e-12
71.6625	-1.56771e-12
71.6875	-1.5547e-12
71.7125	-1.5418e-12
71.7375	-1.52901e-12
71.7625	-1.51632e-12
71.7875	-1.50373e-12
71.8125	-1.49125e-12
71.8375	-1.47888e-12
71.8625	-1.46661e-12
71.8875	-1.45444e-12
71.9125	-1.44237e-12
71.9375	-1.4304e-12
71.9625	-1.41853e-12
71.9875	-1.40675e-12
72.0125	-1.39508e-12
72.0375	-1.3835e-12
72.0625	-1.37202e-12
72.0875	-1.36064e-12
72.1125	-1.34935e-12
72.1375	-1.33815e-12
72.1625	-1.32704e-12
72.1875	-1.31603e-12
72.2125	-1.30511e-12
72.2375	-1.29428e-12
72.2625	-1.28354e-12
72.2875	-1.27289e-12
72.3125	-1.26232e-12
72.3375	-1.25185e-12
72.3625	-1.24146e-12
72.3875	-1.23116e-12
72.4125	-1.22094e-12
72.4375	-1.21081e-12
72.4625	-1.20076e-12
72.4875	-1.1908e-12
72.5125	-1.18091e-12
72.5375	-1.17111e-12
72.5625	-1.1614e-12
72.5875	-1.15176e-12
72.6125	-1.1422e-12
72.6375	-1.13272e-12
72.6625	-1.12332e-12
72.6875	-1.114e-12
72.7125	-1.10475e-12
72.7375	-1.09559e-12
72.7625	-1.08649e-12
72.7875	-1.07748e-12
72.8125	-1.06854e-12
72.8375	-1.05967e-12
72.8625	-1.05088e-12
72.8875	-1.04216e-12
72.9125	-1.03351e-12
72.9375	-1.02493e-12
72.9625	-1.01642e-12
72.9875	-1.00799e-12
73.0125	-9.99625e-13
73.0375	-9.91329e-13
73.0625	-9.83103e-13
73.0875	-9.74945e-13
73.1125	-9.66854e-13
73.1375	-9.5883e-13
73.1625	-9.50873e-13
73.1875	-9.42983e-13
73.2125	-9.35157e-13
73.2375	-9.27397e-13
73.2625	-9.19701e-13
73.2875	-9.12068e-13
73.3125	-9.045e-13
73.3375	-8.96994e-13
73.3625	-8.8955e-13
73.3875	-8.82168e-13
73.4125	-8.74847e-13
73.4375	-8.67587e-13
73.4625	-8.60387e-13
73.4875	-8.53247e-13
73.5125	-8.46167e-13
73.5375	-8.39145e-13
73.5625	-8.32181e-13
73.5875	-8.25275e-13
73.6125	-8.18426e-13
73.6375	-8.11635e-13
73.6625	-8.04899e-13
73.6875	-7.9822e-13
73.7125	-7.91596e-13
73.7375	-7.85027e-13
73.7625	-7.78512e-13
73.7875	-7.72051e-13
73.8125	-7.65644e-13
73.8375	-7.59291e-13
73.8625	-7.5299e-13
73.8875	-7.46741e-13
73.9125	-7.40544e-13
73.9375	-7.34399e-13
73.9625	-7.28304e-13
73.9875	-7.2226e-13
74.0125	-7.16267e-13
74.0375	-7.10323e-13
74.0625	-7.04428e-13
74.0875	-6.98582e-13
74.1125	-6.92785e-13
74.1375	-6.87036e-13
74.1625	-6.81334e-13
74.1875	-6.7568e-13
74.2125	-6.70073e-13
74.2375	-6.64512e-13
74.2625	-6.58998e-13
74.2875	-6.53529e-13
74.3125	-6.48106e-13
74.3375	-6.42728e-13
74.3625	-6.37394e-13
74.3875	-6.32104e-13
74.4125	-6.26859e-13
74.4375	-6.21657e-13
74.4625	-6.16498e-13
74.4875	-6.11382e-13
74.5125	-6.06308e-13
74.5375	-6.01277e-13
74.5625	-5.96287e-13
74.5875	-5.91339e-13
74.6125	-5.86431e-13
74.6375	-5.81565e-13
74.6625	-5.76739e-13
74.6875	-5.71953e-13
74.7125	-5.67206e-13
74.7375	-5.62499e-13
74.7625	-5.57831e-13
74.7875	-5.53202e-13
74.8125	-5.48611e-13
74.8375	-5.44059e-13
74.8625	-5.39544e-13
74.8875	-5.35066e-13
74.9125	-5.30626e-13
74.9375	-5.26222e-13
74.9625	-5.21856e-13
74.9875	-5.17525e-13
75.0125	-5.1323e-13
75.0375	-5.08971e-13
75.0625	-5.04747e-13
75.0875	-5.00559e-13
75.1125	-4.96405e-13
75.1375	-4.92285e-13
75.1625	-4.882e-13
75.1875	-4.84149e-13
75.2125	-4.80131e-13
75.2375	-4.76147e-13
75.2625	-4.72195e-13
75.2875	-4.68277e-13
75.3125	-4.64391e-13
75.3375	-4.60537e-13
75.3625	-4.56715e-13
75.3875	-4.52925e-13
75.4125	-4.49166e-13
75.4375	-4.45439e-13
75.4625	-4.41742e-13
75.4875	-4.38076e-13
75.5125	-4.34441e-13
75.5375	-4.30836e-13
75.5625	-4.27261e-13
75.5875	-4.23715e-13
75.6125	-4.20199e-13
75.6375	-4.16712e-13
75.6625	-4.13253e-13
75.6875	-4.09824e-13
75.7125	-4.06423e-13
75.7375	-4.0305e-13
75.7625	-3.99706e-13
75.7875	-3.96389e-13
75.8125	-3.93099e-13
75.8375	-3.89837e-13
75.8625	-3.86602e-13
75.8875	-3.83394e-13
75.9125	-3.80212e-13
75.9375	-3.77057e-13
75.9625	-3.73928e-13
75.9875	-3.70825e-13
76.0125	-3.67747e-13
76.0375	-3.64696e-13
76.0625	-3.61669e-13
76.0875	-3.58668e-13
76.1125	-3.55691e-13
76.1375	-3.5274e-13
76.1625	-3.49812e-13
76.1875	-3.46909e-13
76.2125	-3.44031e-13
76.2375	-3.41176e-13
76.2625	-3.38344e-13
76.2875	-3.35537e-13
76.3125	-3.32752e-13
76.3375	-3.29991e-13
76.3625	-3.27252e-13
76.3875	-3.24537e-13
76.4125	-3.21843e-13
76.4375	-3.19173e-13
76.4625	-3.16524e-13
76.4875	-3.13897e-13
76.5125	-3.11292e-13
76.5375	-3.08709e-13
76.5625	-3.06147e-13
76.5875	-3.03606e-13
76.6125	-3.01087e-13
76.6375	-2.98588e-13
76.6625	-2.96111e-13
76.6875	-2.93653e-13
76.7125	-2.91216e-13
76.7375	-2.888e-13
76.7625	-2.86403e-13
76.7875	-2.84026e-13
76.8125	-2.81669e-13
76.8375	-2.79332e-13
76.8625	-2.77014e-13
76.8875	-2.74715e-13
76.9125	-2.72435e-13
76.9375	-2.70174e-13
76.9625	-2.67932e-13
76.9875	-2.65709e-13
77.0125	-2.63504e-13
77.0375	-2.61317e-13
77.0625	-2.59149e-13
77.0875	-2.56998e-13
77.1125	-2.54865e-13
77.1375	-2.5275e-13
77.1625	-2.50653e-13
77.1875	-2.48573e-13
77.2125	-2.4651e-13
77.2375	-2.44464e-13
77.2625	-2.42435e-13
77.2875	-2.40424e-13
77.3125	-2.38428e-13
77.3375	-2.3645e-13
77.3625	-2.34488e-13
77.3875	-2.32542e-13
77.4125	-2.30612e-13
77.4375	-2.28698e-13
77.4625	-2.268e-13
77.4875	-2.24918e-13
77.5125	-2.23052e-13
77.5375	-2.21201e-13
77.5625	-2.19365e-13
77.5875	-2.17545e-13
77.6125	-2.15739e-13
77.6375	-2.13949e-13
77.6625	-2.12173e-13
77.6875	-2.10413e-13
77.7125	-2.08667e-13
77.7375	-2.06935e-13
77.7625	-2.05218e-13
77.7875	-2.03515e-13
77.8125	-2.01826e-13
77.8375	-2.00151e-13
77.8625	-1.9849e-13
77.8875	-1.96843e-13
77.9125	-1.95209e-13
77.9375	-1.93589e-13
77.9625	-1.91983e-13
77.9875	-1.9039e-13
78.0125	-1.8881e-13
78.0375	-1.87243e-13
78.0625	-1.85689e-13
78.0875	-1.84148e-13
78.1125	-1.8262e-13
78.1375	-1.81104e-13
78.1625	-1.79601e-13
78.1875	-1.78111e-13
78.2125	-1.76633e-13
78.2375	-1.75167e-13
78.2625	-1.73713e-13
78.2875	-1.72272e-13
78.3125	-1.70842e-13
78.3375	-1.69424e-13
78.3625	-1.68018e-13
78.3875	-1.66624e-13
78.4125	-1.65241e-13
78.4375	-1.6387e-13
78.4625	-1.6251e-13
78.4875	-1.61162e-13
78.5125	-1.59824e-13
78.5375	-1.58498e-13
78.5625	-1.57183e-13
78.5875	-1.55878e-13
78.6125	-1.54585e-13
78.6375	-1.53302e-13
78.6625	-1.5203e-13
78.6875	-1.50768e-13
78.7125	-1.49517e-13
78.7375	-1.48276e-13
78.7625	-1.47046e-13
78.7875	-1.45825e-13
78.8125	-1.44615e-13
78.8375	-1.43415e-13
78.8625	-1.42225e-13
78.8875	-1.41045e-13
78.9125	-1.39874e-13
78.9375	-1.38713e-13
78.9625	-1.37562e-13
78.9875	-1.36421e-13
79.0125	-1.35289e-13
79.0375	-1.34166e-13
79.0625	-1.33053e-13
79.0875	-1.31948e-13
79.1125	-1.30853e-13
79.1375	-1.29767e-13
79.1625	-1.28691e-13
79.1875	-1.27623e-13
79.2125	-1.26564e-13
79.2375	-1.25513e-13
79.2625	-1.24472e-13
79.2875	-1.23439e-13
79.3125	-1.22414e-13
79.3375	-1.21398e-13
79.3625	-1.20391e-13
79.3875	-1.19392e-13
79.4125	-1.18401e-13
79.4375	-1.17419e-13
79.4625	-1.16444e-13
79.4875	-1.15478e-13
79.5125	-1.1452e-13
79.5375	-1.13569e-13
79.5625	-1.12627e-13
79.5875	-1.11692e-13
79.6125	-1.10765e-13
79.6375	-1.09846e-13
79.6625	-1.08934e-13
79.6875	-1.0803e-13
79.7125	-1.07134e-13
79.7375	-1.06245e-13
79.7625	-1.05363e-13
79.7875	-1.04489e-13
79.8125	-1.03622e-13
79.8375	-1.02762e-13
79.8625	-1.01909e-13
79.8875	-1.01063e-13
79.9125	-1.00225e-13
79.9375	-9.93929e-14
79.9625	-9.85681e-14
79.9875	-9.77501e-14
80.0125	-9.69389e-14
80.0375	-9.61345e-14
80.0625	-9.53367e-14
80.0875	-9.45455e-14
80.1125	-9.37609e-14
80.1375	-9.29829e-14
80.1625	-9.22112e-14
80.1875	-9.1446e-14
80.2125	-9.06871e-14
80.2375	-8.99346e-14
80.2625	-8.91882e-14
80.2875	-8.84481e-14
80.3125	-8.77141e-14
80.3375	-8.69862e-14
80.3625	-8.62643e-14
80.3875	-8.55485e-14
80.4125	-8.48385e-14
80.4375	-8.41345e-14
80.4625	-8.34363e-14
80.4875	-8.27439e-14
80.5125	-8.20572e-14
80.5375	-8.13763e-14
80.5625	-8.07009e-14
80.5875	-8.00312e-14
80.6125	-7.93671e-14
80.6375	-7.87085e-14
80.6625	-7.80553e-14
80.6875	-7.74075e-14
80.7125	-7.67652e-14
80.7375	-7.61281e-14
80.7625	-7.54964e-14
80.7875	-7.48698e-14
80.8125	-7.42485e-14
80.8375	-7.36324e-14
80.8625	-7.30213e-14
80.8875	-7.24153e-14
80.9125	-7.18144e-14
80.9375	-7.12184e-14
80.9625	-7.06274e-14
80.9875	-7.00413e-14
81.0125	-6.94601e-14
81.0375	-6.88837e-14
81.0625	-6.8312e-14
81.0875	-6.77451e-14
81.1125	-6.71829e-14
81.1375	-6.66254e-14
81.1625	-6.60725e-14
81.1875	-6.55242e-14
81.2125	-6.49804e-14
81.2375	-6.44412e-14
81.2625	-6.39064e-14
81.2875	-6.33761e-14
81.3125	-6.28501e-14
81.3375	-6.23286e-14
81.3625	-6.18113e-14
81.3875	-6.12984e-14
81.4125	-6.07897e-14
81.4375	-6.02852e-14
81.4625	-5.97849e-14
81.4875	-5.92888e-14
81.5125	-5.87968e-14
81.5375	-5.83089e-14
81.5625	-5.7825e-14
81.5875	-5.73451e-14
81.6125	-5.68692e-14
81.6375	-5.63973e-14
81.6625	-5.59293e-14
81.6875	-5.54651e-14
81.7125	-5.50049e-14
81.7375	-5.45484e-14
81.7625	-5.40957e-14
81.7875	-5.36468e-14
81.8125	-5.32016e-14
81.8375	-5.27601e-14
81.8625	-5.23223e-14
81.8875	-5.18881e-14
81.9125	-5.14575e-14
81.9375	-5.10304e-14
81.9625	-5.0607e-14
81.9875	-5.0187e-14
82.0125	-4.97705e-14
82.0375	-4.93575e-14
82.0625	-4.89479e-14
82.0875	-4.85417e-14
82.1125	-4.81389e-14
82.1375	-4.77394e-14
82.1625	-4.73432e-14
82.1875	-4.69503e-14
82.2125	-4.65607e-14
82.2375	-4.61743e-14
82.2625	-4.57911e-14
82.2875	-4.54111e-14
82.3125	-4.50343e-14
82.3375	-4.46606e-14
82.3625	-4.42899e-14
82.3875	-4.39224e-14
82.4125	-4.35579e-14
82.4375	-4.31964e-14
82.4625	-4.2838e-14
82.4875	-4.24825e-14
82.5125	-4.21299e-14
82.5375	-4.17803e-14
82.5625	-4.14336e-14
82.5875	-4.10897e-14
82.6125	-4.07487e-14
82.6375	-4.04106e-14
82.6625	-4.00752e-14
82.6875	-3.97427e-14
82.7125	-3.94129e-14
82.7375	-3.90858e-14
82.7625	-3.87614e-14
82.7875	-3.84398e-14
82.8125	-3.81208e-14
82.8375	-3.78044e-14
82.8625	-3.74907e-14
82.8875	-3.71796e-14
82.9125	-3.6871e-14
82.9375	-3.65651e-14
82.9625	-3.62616e-14
82.9875	-3.59607e-14
83.0125	-3.56623e-14
83.0375	-3.53663e-14
83.0625	-3.50728e-14
83.0875	-3.47818e-14
83.1125	-3.44931e-14
83.1375	-3.42069e-14
83.1625	-3.3923e-14
83.1875	-3.36415e-14
83.2125	-3.33623e-14
83.2375	-3.30855e-14
83.2625	-3.28109e-14
83.2875	-3.25386e-14
83.3125	-3.22686e-14
83.3375	-3.20008e-14
83.3625	-3.17352e-14
83.3875	-3.14719e-14
83.4125	-3.12107e-14
83.4375	-3.09517e-14
83.4625	-3.06948e-14
83.4875	-3.04401e-14
83.5125	-3.01875e-14
83.5375	-2.9937e-14
83.5625	-2.96886e-14
83.5875	-2.94422e-14
83.6125	-2.91979e-14
83.6375	-2.89556e-14
83.6625	-2.87153e-14
83.6875	-2.8477e-14
83.7125	-2.82406e-14
83.7375	-2.80063e-14
83.7625	-2.77739e-14
83.7875	-2.75434e-14
83.8125	-2.73148e-14
83.8375	-2.70881e-14
83.8625	-2.68634e-14
83.8875	-2.66404e-14
83.9125	-2.64193e-14
83.9375	-2.62001e-14
83.9625	-2.59827e-14
83.9875	-2.57671e-14
84.0125	-2.55532e-14
84.0375	-2.53412e-14
84.0625	-2.51309e-14
84.0875	-2.49223e-14
84.1125	-2.47155e-14
84.1375	-2.45104e-14
84.1625	-2.4307e-14
84.1875	-2.41053e-14
84.2125	-2.39052e-14
84.2375	-2.37069e-14
84.2625	-2.35101e-14
84.2875	-2.3315e-14
84.3125	-2.31215e-14
84.3375	-2.29297e-14
84.3625	-2.27394e-14
84.3875	-2.25507e-14
84.4125	-2.23635e-14
84.4375	-2.21779e-14
84.4625	-2.19939e-14
84.4875	-2.18114e-14
84.5125	-2.16304e-14
84.5375	-2.14509e-14
84.5625	-2.12729e-14
84.5875	-2.10963e-14
84.6125	-2.09213e-14
84.6375	-2.07476e-14
84.6625	-2.05755e-14
84.6875	-2.04047e-14
84.7125	-2.02354e-14
84.7375	-2.00675e-14
84.7625	-1.99009e-14
84.7875	-1.97358e-14
84.8125	-1.9572e-14
84.8375	-1.94096e-14
84.8625	-1.92485e-14
84.8875	-1.90888e-14
84.9125	-1.89304e-14
84.9375	-1.87733e-14
84.9625	-1.86175e-14
84.9875	-1.8463e-14
85.0125	-1.83097e-14
85.0375	-1.81578e-14
85.0625	-1.80071e-14
85.0875	-1.78577e-14
85.1125	-1.77095e-14
85.1375	-1.75625e-14
85.1625	-1.74168e-14
85.1875	-1.72722e-14
85.2125	-1.71289e-14
85.2375	-1.69868e-14
85.2625	-1.68458e-14
85.2875	-1.6706e-14
85.3125	-1.65674e-14
85.3375	-1.64299e-14
85.3625	-1.62935e-14
85.3875	-1.61583e-14
85.4125	-1.60242e-14
85.4375	-1.58912e-14
85.4625	-1.57594e-14
85.4875	-1.56286e-14
85.5125	-1.54989e-14
85.5375	-1.53703e-14
85.5625	-1.52427e-14
85.5875	-1.51162e-14
85.6125	-1.49908e-14
85.6375	-1.48664e-14
85.6625	-1.4743e-14
85.6875	-1.46207e-14
85.7125	-1.44993e-14
85.7375	-1.4379e-14
85.7625	-1.42597e-14
85.7875	-1.41413e-14
85.8125	-1.4024e-14
85.8375	-1.39076e-14
85.8625	-1.37922e-14
85.8875	-1.36777e-14
85.9125	-1.35642e-14
85.9375	-1.34517e-14
85.9625	-1.334e-14
85.9875	-1.32293e-14
86.0125	-1.31196e-14
86.0375	-1.30107e-14
86.0625	-1.29027e-14
86.0875	-1.27956e-14
86.1125	-1.26894e-14
86.1375	-1.25841e-14
86.1625	-1.24797e-14
86.1875	-1.23761e-14
86.2125	-1.22734e-14
86.2375	-1.21716e-14
86.2625	-1.20706e-14
86.2875	-1.19704e-14
86.3125	-1.18711e-14
86.3375	-1.17726e-14
86.3625	-1.16749e-14
86.3875	-1.1578e-14
86.4125	-1.14819e-14
86.4375	-1.13866e-14
86.4625	-1.12921e-14
86.4875	-1.11984e-14
86.5125	-1.11055e-14
86.5375	-1.10133e-14
86.5625	-1.09219e-14
86.5875	-1.08313e-14
86.6125	-1.07414e-14
86.6375	-1.06523e-14
86.6625	-1.05639e-14
86.6875	-1.04762e-14
86.7125	-1.03893e-14
86.7375	-1.0303e-14
86.7625	-1.02175e-14
86.7875	-1.01327e-14
86.8125	-1.00487e-14
86.8375	-9.96527e-15
86.8625	-9.88257e-15
86.8875	-9.80056e-15
86.9125	-9.71923e-15
86.9375	-9.63857e-15
86.9625	-9.55859e-15
86.9875	-9.47926e-15
87.0125	-9.4006e-15
87.0375	-9.32259e-15
87.0625	-9.24522e-15
87.0875	-9.1685e-15
87.1125	-9.09241e-15
87.1375	-9.01696e-15
87.1625	-8.94213e-15
87.1875	-8.86792e-15
87.2125	-8.79433e-15
87.2375	-8.72135e-15
87.2625	-8.64897e-15
87.2875	-8.5772e-15
87.3125	-8.50602e-15
87.3375	-8.43543e-15
87.3625	-8.36543e-15
87.3875	-8.29601e-15
87.4125	-8.22716e-15
87.4375	-8.15889e-15
87.4625	-8.09118e-15
87.4875	-8.02404e-15
87.5125	-7.95745e-15
87.5375	-7.89141e-15
87.5625	-7.82592e-15
87.5875	-7.76098e-15
87.6125	-7.69657e-15
87.6375	-7.6327e-15
87.6625	-7.56936e-15
87.6875	-7.50655e-15
87.7125	-7.44425e-15
87.7375	-7.38247e-15
87.7625	-7.32121e-15
87.7875	-7.26045e-15
87.8125	-7.2002e-15
87.8375	-7.14045e-15
87.8625	-7.08119e-15
87.8875	-7.02243e-15
87.9125	-6.96415e-15
87.9375	-6.90636e-15
87.9625	-6.84905e-15
87.9875	-6.79221e-15
88.0125	-6.73584e-15
88.0375	-6.67994e-15
88.0625	-6.62451e-15
88.0875	-6.56954e-15
88.1125	-6.51502e-15
88.1375	-6.46095e-15
88.1625	-6.40733e-15
88.1875	-6.35416e-15
88.2125	-6.30143e-15
88.2375	-6.24914e-15
88.2625	-6.19728e-15
88.2875	-6.14585e-15
88.3125	-6.09485e-15
88.3375	-6.04427e-15
88.3625	-5.99411e-15
88.3875	-5.94437e-15
88.4125	-5.89504e-15
88.4375	-5.84612e-15
88.4625	-5.7976e-15
88.4875	-5.74949e-15
88.5125	-5.70178e-15
88.5375	-5.65446e-15
88.5625	-5.60754e-15
88.5875	-5.561e-15
88.6125	-5.51485e-15
88.6375	-5.46909e-15
88.6625	-5.4237e-15
88.6875	-5.37869e-15
88.7125	-5.33405e-15
88.7375	-5.28979e-15
88.7625	-5.24589e-15
88.7875	-5.20236e-15
88.8125	-5.15918e-15
88.8375	-5.11637e-15
88.8625	-5.07391e-15
88.8875	-5.03181e-15
88.9125	-4.99005e-15
88.9375	-4.94864e-15
88.9625	-4.90757e-15
88.9875	-4.86684e-15
89.0125	-4.82646e-15
89.0375	-4.7864e-15
89.0625	-4.74668e-15
89.0875	-4.70729e-15
89.1125	-4.66823e-15
89.1375	-4.62949e-15
89.1625	-4.59107e-15
89.1875	-4.55297e-15
89.2125	-4.51519e-15
89.2375	-4.47772e-15
89.2625	-4.44056e-15
89.2875	-4.40371e-15
89.3125	-4.36716e-15
89.3375	-4.33092e-15
89.3625	-4.29498e-15
89.3875	-4.25934e-15
89.4125	-4.22399e-15
89.4375	-4.18894e-15
89.4625	-4.15417e-15
89.4875	-4.1197e-15
89.5125	-4.08551e-15
89.5375	-4.05161e-15
89.5625	-4.01799e-15
89.5875	-3.98464e-15
89.6125	-3.95157e-15
89.6375	-3.91878e-15
89.6625	-3.88626e-15
89.6875	-3.85401e-15
89.7125	-3.82203e-15
89.7375	-3.79031e-15
89.7625	-3.75886e-15
89.7875	-3.72766e-15
89.8125	-3.69673e-15
89.8375	-3.66605e-15
89.8625	-3.63563e-15
89.8875	-3.60546e-15
89.9125	-3.57554e-15
89.9375	-3.54586e-15
89.9625	-3.51644e-15
89.9875	-3.48726e-15
90.0125	-3.45832e-15
90.0375	-3.42962e-15
90.0625	-3.40116e-15
90.0875	-3.37293e-15
90.1125	-3.34494e-15
90.1375	-3.31718e-15
90.1625	-3.28965e-15
90.1875	-3.26235e-15
90.2125	-3.23528e-15
90.2375	-3.20843e-15
90.2625	-3.18181e-15
90.2875	-3.1554e-15
90.3125	-3.12922e-15
90.3375	-3.10325e-15
90.3625	-3.0775e-15
90.3875	-3.05196e-15
90.4125	-3.02663e-15
90.4375	-3.00151e-15
90.4625	-2.9766e-15
90.4875	-2.9519e-15
90.5125	-2.92741e-15
90.5375	-2.90311e-15
90.5625	-2.87902e-15
90.5875	-2.85513e-15
90.6125	-2.83143e-15
90.6375	-2.80794e-15
90.6625	-2.78464e-15
90.6875	-2.76153e-15
90.7125	-2.73861e-15
90.7375	-2.71588e-15
90.7625	-2.69335e-15
90.7875	-2.67099e-15
90.8125	-2.64883e-15
90.8375	-2.62685e-15
90.8625	-2.60505e-15
90.8875	-2.58343e-15
90.9125	-2.56199e-15
90.9375	-2.54073e-15
90.9625	-2.51964e-15
90.9875	-2.49873e-15
91.0125	-2.478e-15
91.0375	-2.45743e-15
91.0625	-2.43704e-15
91.0875	-2.41682e-15
91.1125	-2.39676e-15
91.1375	-2.37687e-15
91.1625	-2.35715e-15
91.1875	-2.33758e-15
91.2125	-2.31819e-15
91.2375	-2.29895e-15
91.2625	-2.27987e-15
91.2875	-2.26095e-15
91.3125	-2.24219e-15
91.3375	-2.22358e-15
91.3625	-2.20513e-15
91.3875	-2.18683e-15
91.4125	-2.16868e-15
91.4375	-2.15068e-15
91.4625	-2.13284e-15
91.4875	-2.11514e-15
91.5125	-2.09758e-15
91.5375	-2.08018e-15
91.5625	-2.06291e-15
91.5875	-2.04579e-15
91.6125	-2.02882e-15
91.6375	-2.01198e-15
91.6625	-1.99528e-15
91.6875	-1.97873e-15
91.7125	-1.9623e-15
91.7375	-1.94602e-15
91.7625	-1.92987e-15
91.7875	-1.91386e-15
91.8125	-1.89797e-15
91.8375	-1.88222e-15
91.8625	-1.8666e-15
91.8875	-1.85111e-15
91.9125	-1.83575e-15
91.9375	-1.82052e-15
91.9625	-1.80541e-15
91.9875	-1.79043e-15
92.0125	-1.77557e-15
92.0375	-1.76083e-15
92.0625	-1.74622e-15
92.0875	-1.73173e-15
92.1125	-1.71736e-15
92.1375	-1.70311e-15
92.1625	-1.68897e-15
92.1875	-1.67496e-15
92.2125	-1.66106e-15
92.2375	-1.64727e-15
92.2625	-1.6336e-15
92.2875	-1.62005e-15
92.3125	-1.6066e-15
92.3375	-1.59327e-15
92.3625	-1.58005e-15
92.3875	-1.56693e-15
92.4125	-1.55393e-15
92.4375	-1.54104e-15
92.4625	-1.52825e-15
92.4875	-1.51556e-15
92.5125	-1.50299e-15
92.5375	-1.49052e-15
92.5625	-1.47815e-15
92.5875	-1.46588e-15
92.6125	-1.45371e-15
92.6375	-1.44165e-15
92.6625	-1.42969e-15
92.6875	-1.41782e-15
92.7125	-1.40606e-15
92.7375	-1.39439e-15
92.7625	-1.38282e-15
92.7875	-1.37134e-15
92.8125	-1.35996e-15
92.8375	-1.34867e-15
92.8625	-1.33748e-15
92.8875	-1.32638e-15
92.9125	-1.31538e-15
92.9375	-1.30446e-15
92.9625	-1.29363e-15
92.9875	-1.2829e-15
93.0125	-1.27225e-15
93.0375	-1.2617e-15
93.0625	-1.25122e-15
93.0875	-1.24084e-15
93.1125	-1.23054e-15
93.1375	-1.22033e-15
93.1625	-1.21021e-15
93.1875	-1.20016e-15
93.2125	-1.1902e-15
93.2375	-1.18033e-15
93.2625	-1.17053e-15
93.2875	-1.16082e-15
93.3125	-1.15118e-15
93.3375	-1.14163e-15
93.3625	-1.13216e-15
93.3875	-1.12276e-15
93.4125	-1.11344e-15
93.4375	-1.1042e-15
93.4625	-1.09504e-15
93.4875	-1.08595e-15
93.5125	-1.07694e-15
93.5375	-1.068e-15
93.5625	-1.05914e-15
93.5875	-1.05035e-15
93.6125	-1.04163e-15
93.6375	-1.03299e-15
93.6625	-1.02442e-15
93.6875	-1.01592e-15
93.7125	-1.00749e-15
93.7375	-9.99125e-16
93.7625	-9.90834e-16
93.7875	-9.82611e-16
93.8125	-9.74457e-16
93.8375	-9.6637e-16
93.8625	-9.5835e-16
93.8875	-9.50397e-16
93.9125	-9.4251e-16
93.9375	-9.34689e-16
93.9625	-9.26932e-16
93.9875	-9.1924e-16
94.0125	-9.11611e-16
94.0375	-9.04046e-16
94.0625	-8.96544e-16
94.0875	-8.89104e-16
94.1125	-8.81725e-16
94.1375	-8.74408e-16
94.1625	-8.67152e-16
94.1875	-8.59956e-16
94.2125	-8.52819e-16
94.2375	-8.45742e-16
94.2625	-8.38723e-16
94.2875	-8.31763e-16
94.3125	-8.24861e-16
94.3375	-8.18015e-16
94.3625	-8.11227e-16
94.3875	-8.04495e-16
94.4125	-7.97819e-16
94.4375	-7.91198e-16
94.4625	-7.84632e-16
94.4875	-7.78121e-16
94.5125	-7.71663e-16
94.5375	-7.65259e-16
94.5625	-7.58909e-16
94.5875	-7.52611e-16
94.6125	-7.46365e-16
94.6375	-7.40171e-16
94.6625	-7.34029e-16
94.6875	-7.27938e-16
94.7125	-7.21897e-16
94.7375	-7.15906e-16
94.7625	-7.09965e-16
94.7875	-7.04073e-16
94.8125	-6.9823e-16
94.8375	-6.92436e-16
94.8625	-6.8669e-16
94.8875	-6.80991e-16
94.9125	-6.7534e-16
94.9375	-6.69735e-16
94.9625	-6.64177e-16
94.9875	-6.58666e-16
95.0125	-6.532e-16
95.0375	-6.47779e-16
95.0625	-6.42403e-16
95.0875	-6.37072e-16
95.1125	-6.31785e-16
95.1375	-6.26542e-16
95.1625	-6.21343e-16
95.1875	-6.16187e-16
95.2125	-6.11073e-16
95.2375	-6.06002e-16
95.2625	-6.00973e-16
95.2875	-5.95986e-16
95.3125	-5.9104e-16
95.3375	-5.86135e-16
95.3625	-5.81271e-16
95.3875	-5.76447e-16
95.4125	-5.71663e-16
95.4375	-5.66919e-16
95.4625	-5.62215e-16
95.4875	-5.57549e-16
95.5125	-5.52922e-16
95.5375	-5.48334e-16
95.5625	-5.43783e-16
95.5875	-5.3927e-16
95.6125	-5.34795e-16
95.6375	-5.30357e-16
95.6625	-5.25956e-16
95.6875	-5.21591e-16
95.7125	-5.17263e-16
95.7375	-5.1297e-16
95.7625	-5.08713e-16
95.7875	-5.04491e-16
95.8125	-5.00305e-16
95.8375	-4.96153e-16
95.8625	-4.92036e-16
95.8875	-4.87952e-16
95.9125	-4.83903e-16
95.9375	-4.79887e-16
95.9625	-4.75905e-16
95.9875	-4.71956e-16
96.0125	-4.68039e-16
96.0375	-4.64155e-16
96.0625	-4.60303e-16
96.0875	-4.56483e-16
96.1125	-4.52695e-16
96.1375	-4.48938e-16
96.1625	-4.45213e-16
96.1875	-4.41518e-16
96.2125	-4.37854e-16
96.2375	-4.3422e-16
96.2625	-4.30617e-16
96.2875	-4.27043e-16
96.3125	-4.23499e-16
96.3375	-4.19985e-16
96.3625	-4.165e-16
96.3875	-4.13043e-16
96.4125	-4.09615e-16
96.4375	-4.06216e-16
96.4625	-4.02845e-16
96.4875	-3.99502e-16
96.5125	-3.96187e-16
96.5375	-3.92899e-16
96.5625	-3.89638e-16
96.5875	-3.86405e-16
96.6125	-3.83198e-16
96.6375	-3.80018e-16
96.6625	-3.76865e-16
96.6875	-3.73737e-16
96.7125	-3.70636e-16
96.7375	-3.6756e-16
96.7625	-3.6451e-16
96.7875	-3.61485e-16
96.8125	-3.58485e-16
96.8375	-3.5551e-16
96.8625	-3.5256e-16
96.8875	-3.49634e-16
96.9125	-3.46732e-16
96.9375	-3.43855e-16
96.9625	-3.41001e-16
96.9875	-3.38172e-16
97.0125	-3.35365e-16
97.0375	-3.32582e-16
97.0625	-3.29822e-16
97.0875	-3.27085e-16
97.1125	-3.24371e-16
97.1375	-3.21679e-16
97.1625	-3.19009e-16
97.1875	-3.16362e-16
97.2125	-3.13737e-16
97.2375	-3.11133e-16
97.2625	-3.08551e-16
97.2875	-3.0599e-16
97.3125	-3.03451e-16
97.3375	-3.00933e-16
97.3625	-2.98436e-16
97.3875	-2.95959e-16
97.4125	-2.93503e-16
97.4375	-2.91067e-16
97.4625	-2.88652e-16
97.4875	-2.86256e-16
97.5125	-2.83881e-16
97.5375	-2.81525e-16
97.5625	-2.79189e-16
97.5875	-2.76872e-16
97.6125	-2.74574e-16
97.6375	-2.72296e-16
97.6625	-2.70036e-16
97.6875	-2.67795e-16
97.7125	-2.65573e-16
97.7375	-2.63369e-16
97.7625	-2.61183e-16
97.7875	-2.59016e-16
97.8125	-2.56866e-16
97.8375	-2.54734e-16
97.8625	-2.52621e-16
97.8875	-2.50524e-16
97.9125	-2.48445e-16
97.9375	-2.46383e-16
97.9625	-2.44339e-16
97.9875	-2.42311e-16
98.0125	-2.403e-16
98.0375	-2.38306e-16
98.0625	-2.36328e-16
98.0875	-2.34367e-16
98.1125	-2.32422e-16
98.1375	-2.30493e-16
98.1625	-2.28581e-16
98.1875	-2.26684e-16
98.2125	-2.24803e-16
98.2375	-2.22937e-16
98.2625	-2.21087e-16
98.2875	-2.19252e-16
98.3125	-2.17433e-16
98.3375	-2.15628e-16
98.3625	-2.13839e-16
98.3875	-2.12064e-16
98.4125	-2.10304e-16
98.4375	-2.08559e-16
98.4625	-2.06828e-16
98.4875	-2.05112e-16
98.5125	-2.0341e-16
98.5375	-2.01722e-16
98.5625	-2.00048e-16
98.5875	-1.98388e-16
98.6125	-1.96741e-16
98.6375	-1.95109e-16
98.6625	-1.9349e-16
98.6875	-1.91884e-16
98.7125	-1.90291e-16
98.7375	-1.88712e-16
98.7625	-1.87146e-16
98.7875	-1.85593e-16
98.8125	-1.84053e-16
98.8375	-1.82526e-16
98.8625	-1.81011e-16
98.8875	-1.79509e-16
98.9125	-1.78019e-16
98.9375	-1.76542e-16
98.9625	-1.75077e-16
98.9875	-1.73624e-16
99.0125	-1.72183e-16
99.0375	-1.70754e-16
99.0625	-1.69337e-16
99.0875	-1.67932e-16
99.1125	-1.66538e-16
99.1375	-1.65156e-16
99.1625	-1.63785e-16
99.1875	-1.62426e-16
99.2125	-1.61078e-16
99.2375	-1.59742e-16
99.2625	-1.58416e-16
99.2875	-1.57101e-16
99.3125	-1.55798e-16
99.3375	-1.54505e-16
99.3625	-1.53223e-16
99.3875	-1.51951e-16
99.4125	-1.5069e-16
99.4375	-1.49439e-16
99.4625	-1.48199e-16
99.4875	-1.46969e-16
99.5125	-1.4575e-16
99.5375	-1.4454e-16
99.5625	-1.43341e-16
99.5875	-1.42151e-16
99.6125	-1.40972e-16
99.6375	-1.39802e-16
99.6625	-1.38642e-16
99.6875	-1.37491e-16
99.7125	-1.3635e-16
99.7375	-1.35218e-16
99.7625	-1.34096e-16
99.7875	-1.32984e-16
99.8125	-1.3188e-16
99.8375	-1.30786e-16
99.8625	-1.297e-16
99.8875	-1.28624e-16
99.9125	-1.27556e-16
99.9375	-1.26498e-16
99.9625	-1.25448e-16
99.9875	-1.24407e-16
