label:soma.v(.5)
4001
0	0
0.025	0
0.05	0
0.075	0
0.1	0
0.125	0
0.15	0
0.175	0
0.2	0
0.225	0
0.25	0
0.275	0
0.3	0
0.325	0
0.35	0
0.375	0
0.4	0
0.425	0
0.45	0
0.475	0
0.5	0
0.525	0
0.55	0
0.575	0
0.6	0
0.625	0
0.65	0
0.675	0
0.7	0
0.725	0
0.75	0
0.775	0
0.8	0
0.825	0
0.85	0
0.875	0
0.9	0
0.925	0
0.95	0
0.975	0
1	0
1.025	0
1.05	8.75078e-11
1.075	8.1616e-10
1.1	4.13004e-09
1.125	1.50384e-08
1.15	4.41191e-08
1.175	1.10775e-07
1.2	2.47037e-07
1.225	5.01614e-07
1.25	9.43865e-07
1.275	1.66738e-06
1.3	2.79293e-06
1.325	4.47055e-06
1.35	6.88074e-06
1.375	1.02347e-05
1.4	1.47735e-05
1.425	2.07667e-05
1.45	2.851e-05
1.475	3.83222e-05
1.5	5.05423e-05
1.525	6.55255e-05
1.55	8.36394e-05
1.575	0.000105261
1.6	0.000130771
1.625	0.000160553
1.65	0.000194987
1.675	0.000234448
1.7	0.000279305
1.725	0.000329914
1.75	0.000386617
1.775	0.000449744
1.8	0.000519606
1.825	0.000596496
1.85	0.000680691
1.875	0.000772443
1.9	0.000871988
1.925	0.000979539
1.95	0.00109529
1.975	0.00121941
2	0.00135205
2.025	0.00149335
2.05	0.0016434
2.075	0.00180231
2.1	0.00197014
2.125	0.00214696
2.15	0.00233279
2.175	0.00252765
2.2	0.00273155
2.225	0.00294448
2.25	0.00316641
2.275	0.00339729
2.3	0.00363709
2.325	0.00388573
2.35	0.00414314
2.375	0.00440923
2.4	0.00468391
2.425	0.00496707
2.45	0.0052586
2.475	0.00555838
2.5	0.00586629
2.525	0.00618218
2.55	0.00650592
2.575	0.00683737
2.6	0.00717637
2.625	0.00752278
2.65	0.00787644
2.675	0.00823719
2.7	0.00860487
2.725	0.00897932
2.75	0.00936036
2.775	0.00974783
2.8	0.0101416
2.825	0.0105414
2.85	0.0109472
2.875	0.0113587
2.9	0.0117758
2.925	0.0121983
2.95	0.0126261
2.975	0.0130589
3	0.0134967
3.025	0.0139392
3.05	0.0143863
3.075	0.0148378
3.1	0.0152935
3.125	0.0157534
3.15	0.0162172
3.175	0.0166848
3.2	0.017156
3.225	0.0176307
3.25	0.0181087
3.275	0.0185899
3.3	0.0190741
3.325	0.0195612
3.35	0.0200511
3.375	0.0205435
3.4	0.0210384
3.425	0.0215357
3.45	0.0220351
3.475	0.0225366
3.5	0.0230401
3.525	0.0235454
3.55	0.0240523
3.575	0.0245609
3.6	0.0250709
3.625	0.0255822
3.65	0.0260948
3.675	0.0266085
3.7	0.0271232
3.725	0.0276388
3.75	0.0281553
3.775	0.0286724
3.8	0.0291901
3.825	0.0297083
3.85	0.0302269
3.875	0.0307459
3.9	0.031265
3.925	0.0317844
3.95	0.0323037
3.975	0.0328231
4	0.0333423
4.025	0.0338613
4.05	0.0343801
4.075	0.0348985
4.1	0.0354165
4.125	0.035934
4.15	0.0364509
4.175	0.0369673
4.2	0.0374829
4.225	0.0379977
4.25	0.0385118
4.275	0.0390249
4.3	0.0395371
4.325	0.0400483
4.35	0.0405585
4.375	0.0410675
4.4	0.0415754
4.425	0.0420821
4.45	0.0425874
4.475	0.0430915
4.5	0.0435942
4.525	0.0440955
4.55	0.0445954
4.575	0.0450937
4.6	0.0455905
4.625	0.0460857
4.65	0.0465793
4.675	0.0470713
4.7	0.0475616
4.725	0.0480501
4.75	0.0485368
4.775	0.0490218
4.8	0.0495049
4.825	0.0499862
4.85	0.0504656
4.875	0.050943
4.9	0.0514185
4.925	0.0518921
4.95	0.0523636
4.975	0.0528331
5	0.0533005
5.025	0.0537659
5.05	0.0542292
5.075	0.0546903
5.1	0.0551493
5.125	0.0556061
5.15	0.0560608
5.175	0.0565132
5.2	0.0569635
5.225	0.0574115
5.25	0.0578572
5.275	0.0583007
5.3	0.0587419
5.325	0.0591808
5.35	0.0596174
5.375	0.0600516
5.4	0.0604836
5.425	0.0609131
5.45	0.0613404
5.475	0.0617652
5.5	0.0621877
5.525	0.0626077
5.55	0.0630254
5.575	0.0634407
5.6	0.0638535
5.625	0.0642639
5.65	0.0646719
5.675	0.0650775
5.7	0.0654806
5.725	0.0658812
5.75	0.0662794
5.775	0.0666752
5.8	0.0670685
5.825	0.0674593
5.85	0.0678476
5.875	0.0682335
5.9	0.0686169
5.925	0.0689978
5.95	0.0693762
5.975	0.0697521
6	0.0701256
6.025	0.0704966
6.05	0.070865
6.075	0.071231
6.1	0.0715945
6.125	0.0719555
6.15	0.0723141
6.175	0.0726701
6.2	0.0730237
6.225	0.0733748
6.25	0.0737233
6.275	0.0740695
6.3	0.0744131
6.325	0.0747542
6.35	0.0750929
6.375	0.0754291
6.4	0.0757629
6.425	0.0760942
6.45	0.076423
6.475	0.0767493
6.5	0.0770732
6.525	0.0773947
6.55	0.0777137
6.575	0.0780302
6.6	0.0783444
6.625	0.0786561
6.65	0.0789653
6.675	0.0792722
6.7	0.0795766
6.725	0.0798786
6.75	0.0801782
6.775	0.0804754
6.8	0.0807702
6.825	0.0810626
6.85	0.0813527
6.875	0.0816403
6.9	0.0819256
6.925	0.0822086
6.95	0.0824891
6.975	0.0827673
7	0.0830432
7.025	0.0833167
7.05	0.083588
7.075	0.0838568
7.1	0.0841234
7.125	0.0843876
7.15	0.0846496
7.175	0.0849093
7.2	0.0851666
7.225	0.0854217
7.25	0.0856745
7.275	0.0859251
7.3	0.0861734
7.325	0.0864195
7.35	0.0866633
7.375	0.0869049
7.4	0.0871442
7.425	0.0873814
7.45	0.0876163
7.475	0.0878491
7.5	0.0880796
7.525	0.088308
7.55	0.0885342
7.575	0.0887582
7.6	0.0889801
7.625	0.0891998
7.65	0.0894174
7.675	0.0896328
7.7	0.0898462
7.725	0.0900574
7.75	0.0902665
7.775	0.0904735
7.8	0.0906785
7.825	0.0908813
7.85	0.0910821
7.875	0.0912809
7.9	0.0914776
7.925	0.0916722
7.95	0.0918648
7.975	0.0920554
8	0.092244
8.025	0.0924305
8.05	0.0926151
8.075	0.0927977
8.1	0.0929783
8.125	0.0931569
8.15	0.0933336
8.175	0.0935083
8.2	0.0936811
8.225	0.093852
8.25	0.0940209
8.275	0.094188
8.3	0.0943531
8.325	0.0945163
8.35	0.0946776
8.375	0.0948371
8.4	0.0949947
8.425	0.0951504
8.45	0.0953043
8.475	0.0954564
8.5	0.0956066
8.525	0.095755
8.55	0.0959016
8.575	0.0960464
8.6	0.0961894
8.625	0.0963306
8.65	0.09647
8.675	0.0966077
8.7	0.0967436
8.725	0.0968778
8.75	0.0970102
8.775	0.0971409
8.8	0.0972699
8.825	0.0973972
8.85	0.0975228
8.875	0.0976467
8.9	0.0977689
8.925	0.0978894
8.95	0.0980083
8.975	0.0981255
9	0.098241
9.025	0.098355
9.05	0.0984673
9.075	0.0985779
9.1	0.098687
9.125	0.0987945
9.15	0.0989004
9.175	0.0990047
9.2	0.0991074
9.225	0.0992086
9.25	0.0993082
9.275	0.0994062
9.3	0.0995027
9.325	0.0995977
9.35	0.0996912
9.375	0.0997832
9.4	0.0998736
9.425	0.0999626
9.45	0.10005
9.475	0.100136
9.5	0.100221
9.525	0.100304
9.55	0.100385
9.575	0.100465
9.6	0.100544
9.625	0.100622
9.65	0.100697
9.675	0.100772
9.7	0.100845
9.725	0.100917
9.75	0.100987
9.775	0.101056
9.8	0.101124
9.825	0.10119
9.85	0.101255
9.875	0.101318
9.9	0.10138
9.925	0.101441
9.95	0.101501
9.975	0.101559
10	0.101616
10.025	0.101672
10.05	0.101726
10.075	0.101779
10.1	0.101831
10.125	0.101882
10.15	0.101931
10.175	0.101979
10.2	0.102026
10.225	0.102072
10.25	0.102116
10.275	0.102159
10.3	0.102201
10.325	0.102242
10.35	0.102282
10.375	0.10232
10.4	0.102357
10.425	0.102394
10.45	0.102429
10.475	0.102462
10.5	0.102495
10.525	0.102526
10.55	0.102557
10.575	0.102586
10.6	0.102614
10.625	0.102641
10.65	0.102667
10.675	0.102692
10.7	0.102716
10.725	0.102739
10.75	0.10276
10.775	0.102781
10.8	0.1028
10.825	0.102819
10.85	0.102836
10.875	0.102853
10.9	0.102868
10.925	0.102883
10.95	0.102896
10.975	0.102908
11	0.10292
11.025	0.10293
11.05	0.102939
11.075	0.102948
11.1	0.102955
11.125	0.102962
11.15	0.102967
11.175	0.102972
11.2	0.102976
11.225	0.102978
11.25	0.10298
11.275	0.102981
11.3	0.102981
11.325	0.10298
11.35	0.102978
11.375	0.102975
11.4	0.102972
11.425	0.102967
11.45	0.102962
11.475	0.102955
11.5	0.102948
11.525	0.10294
11.55	0.102931
11.575	0.102922
11.6	0.102911
11.625	0.1029
11.65	0.102888
11.675	0.102875
11.7	0.102861
11.725	0.102846
11.75	0.102831
11.775	0.102814
11.8	0.102797
11.825	0.10278
11.85	0.102761
11.875	0.102742
11.9	0.102722
11.925	0.102701
11.95	0.102679
11.975	0.102657
12	0.102634
12.025	0.10261
12.05	0.102585
12.075	0.10256
12.1	0.102534
12.125	0.102507
12.15	0.102479
12.175	0.102451
12.2	0.102422
12.225	0.102393
12.25	0.102363
12.275	0.102332
12.3	0.1023
12.325	0.102268
12.35	0.102235
12.375	0.102201
12.4	0.102167
12.425	0.102132
12.45	0.102097
12.475	0.10206
12.5	0.102024
12.525	0.101986
12.55	0.101948
12.575	0.101909
12.6	0.10187
12.625	0.10183
12.65	0.10179
12.675	0.101748
12.7	0.101707
12.725	0.101664
12.75	0.101621
12.775	0.101578
12.8	0.101534
12.825	0.101489
12.85	0.101444
12.875	0.101398
12.9	0.101352
12.925	0.101305
12.95	0.101258
12.975	0.10121
13	0.101161
13.025	0.101112
13.05	0.101063
13.075	0.101013
13.1	0.100962
13.125	0.100911
13.15	0.10086
13.175	0.100807
13.2	0.100755
13.225	0.100702
13.25	0.100648
13.275	0.100594
13.3	0.10054
13.325	0.100484
13.35	0.100429
13.375	0.100373
13.4	0.100316
13.425	0.10026
13.45	0.100202
13.475	0.100144
13.5	0.100086
13.525	0.100027
13.55	0.0999682
13.575	0.0999085
13.6	0.0998485
13.625	0.099788
13.65	0.0997271
13.675	0.0996658
13.7	0.099604
13.725	0.0995419
13.75	0.0994793
13.775	0.0994163
13.8	0.099353
13.825	0.0992892
13.85	0.099225
13.875	0.0991604
13.9	0.0990955
13.925	0.0990302
13.95	0.0989644
13.975	0.0988983
14	0.0988319
14.025	0.098765
14.05	0.0986978
14.075	0.0986302
14.1	0.0985623
14.125	0.098494
14.15	0.0984254
14.175	0.0983564
14.2	0.0982871
14.225	0.0982174
14.25	0.0981474
14.275	0.0980771
14.3	0.0980064
14.325	0.0979354
14.35	0.097864
14.375	0.0977924
14.4	0.0977204
14.425	0.0976481
14.45	0.0975755
14.475	0.0975026
14.5	0.0974294
14.525	0.0973559
14.55	0.0972821
14.575	0.097208
14.6	0.0971336
14.625	0.0970589
14.65	0.0969839
14.675	0.0969086
14.7	0.0968331
14.725	0.0967572
14.75	0.0966811
14.775	0.0966048
14.8	0.0965281
14.825	0.0964512
14.85	0.096374
14.875	0.0962966
14.9	0.0962189
14.925	0.096141
14.95	0.0960628
14.975	0.0959843
15	0.0959057
15.025	0.0958267
15.05	0.0957476
15.075	0.0956681
15.1	0.0955885
15.125	0.0955086
15.15	0.0954285
15.175	0.0953482
15.2	0.0952676
15.225	0.0951868
15.25	0.0951058
15.275	0.0950246
15.3	0.0949432
15.325	0.0948615
15.35	0.0947797
15.375	0.0946976
15.4	0.0946154
15.425	0.0945329
15.45	0.0944502
15.475	0.0943674
15.5	0.0942843
15.525	0.0942011
15.55	0.0941176
15.575	0.094034
15.6	0.0939502
15.625	0.0938662
15.65	0.0937821
15.675	0.0936977
15.7	0.0936132
15.725	0.0935285
15.75	0.0934436
15.775	0.0933586
15.8	0.0932734
15.825	0.093188
15.85	0.0931025
15.875	0.0930168
15.9	0.092931
15.925	0.092845
15.95	0.0927589
15.975	0.0926726
16	0.0925861
16.025	0.0924995
16.05	0.0924128
16.075	0.0923259
16.1	0.0922389
16.125	0.0921517
16.15	0.0920644
16.175	0.091977
16.2	0.0918894
16.225	0.0918017
16.25	0.0917139
16.275	0.091626
16.3	0.0915379
16.325	0.0914497
16.35	0.0913614
16.375	0.0912729
16.4	0.0911844
16.425	0.0910957
16.45	0.0910069
16.475	0.090918
16.5	0.090829
16.525	0.0907399
16.55	0.0906507
16.575	0.0905614
16.6	0.090472
16.625	0.0903825
16.65	0.0902928
16.675	0.0902031
16.7	0.0901133
16.725	0.0900234
16.75	0.0899334
16.775	0.0898433
16.8	0.0897531
16.825	0.0896629
16.85	0.0895725
16.875	0.0894821
16.9	0.0893916
16.925	0.089301
16.95	0.0892103
16.975	0.0891196
17	0.0890287
17.025	0.0889378
17.05	0.0888469
17.075	0.0887558
17.1	0.0886647
17.125	0.0885735
17.15	0.0884823
17.175	0.088391
17.2	0.0882996
17.225	0.0882082
17.25	0.0881167
17.275	0.0880251
17.3	0.0879335
17.325	0.0878418
17.35	0.0877501
17.375	0.0876583
17.4	0.0875665
17.425	0.0874746
17.45	0.0873827
17.475	0.0872907
17.5	0.0871987
17.525	0.0871066
17.55	0.0870145
17.575	0.0869224
17.6	0.0868302
17.625	0.0867379
17.65	0.0866457
17.675	0.0865534
17.7	0.086461
17.725	0.0863686
17.75	0.0862762
17.775	0.0861838
17.8	0.0860913
17.825	0.0859988
17.85	0.0859062
17.875	0.0858137
17.9	0.0857211
17.925	0.0856285
17.95	0.0855358
17.975	0.0854432
18	0.0853505
18.025	0.0852578
18.05	0.0851651
18.075	0.0850723
18.1	0.0849796
18.125	0.0848868
18.15	0.084794
18.175	0.0847012
18.2	0.0846084
18.225	0.0845156
18.25	0.0844227
18.275	0.0843299
18.3	0.084237
18.325	0.0841442
18.35	0.0840513
18.375	0.0839584
18.4	0.0838655
18.425	0.0837727
18.45	0.0836798
18.475	0.0835869
18.5	0.083494
18.525	0.0834011
18.55	0.0833082
18.575	0.0832153
18.6	0.0831225
18.625	0.0830296
18.65	0.0829367
18.675	0.0828439
18.7	0.082751
18.725	0.0826582
18.75	0.0825653
18.775	0.0824725
18.8	0.0823797
18.825	0.0822869
18.85	0.0821941
18.875	0.0821013
18.9	0.0820085
18.925	0.0819158
18.95	0.0818231
18.975	0.0817303
19	0.0816376
19.025	0.081545
19.05	0.0814523
19.075	0.0813597
19.1	0.081267
19.125	0.0811744
19.15	0.0810819
19.175	0.0809893
19.2	0.0808968
19.225	0.0808043
19.25	0.0807118
19.275	0.0806193
19.3	0.0805269
19.325	0.0804345
19.35	0.0803421
19.375	0.0802498
19.4	0.0801575
19.425	0.0800652
19.45	0.0799729
19.475	0.0798807
19.5	0.0797885
19.525	0.0796964
19.55	0.0796043
19.575	0.0795122
19.6	0.0794201
19.625	0.0793281
19.65	0.0792361
19.675	0.0791442
19.7	0.0790523
19.725	0.0789604
19.75	0.0788686
19.775	0.0787768
19.8	0.0786851
19.825	0.0785934
19.85	0.0785017
19.875	0.0784101
19.9	0.0783185
19.925	0.078227
19.95	0.0781355
19.975	0.078044
20	0.0779526
20.025	0.0778613
20.05	0.0777699
20.075	0.0776787
20.1	0.0775875
20.125	0.0774963
20.15	0.0774052
20.175	0.0773141
20.2	0.0772231
20.225	0.0771321
20.25	0.0770412
20.275	0.0769503
20.3	0.0768595
20.325	0.0767687
20.35	0.076678
20.375	0.0765873
20.4	0.0764967
20.425	0.0764062
20.45	0.0763157
20.475	0.0762252
20.5	0.0761349
20.525	0.0760445
20.55	0.0759542
20.575	0.075864
20.6	0.0757739
20.625	0.0756837
20.65	0.0755937
20.675	0.0755037
20.7	0.0754138
20.725	0.0753239
20.75	0.0752341
20.775	0.0751443
20.8	0.0750546
20.825	0.074965
20.85	0.0748755
20.875	0.0747859
20.9	0.0746965
20.925	0.0746071
20.95	0.0745178
20.975	0.0744285
21	0.0743393
21.025	0.0742502
21.05	0.0741612
21.075	0.0740722
21.1	0.0739832
21.125	0.0738944
21.15	0.0738056
21.175	0.0737168
21.2	0.0736281
21.225	0.0735395
21.25	0.073451
21.275	0.0733625
21.3	0.0732741
21.325	0.0731858
21.35	0.0730975
21.375	0.0730094
21.4	0.0729212
21.425	0.0728332
21.45	0.0727452
21.475	0.0726573
21.5	0.0725694
21.525	0.0724817
21.55	0.072394
21.575	0.0723063
21.6	0.0722188
21.625	0.0721313
21.65	0.0720439
21.675	0.0719565
21.7	0.0718693
21.725	0.0717821
21.75	0.0716949
21.775	0.0716079
21.8	0.0715209
21.825	0.071434
21.85	0.0713472
21.875	0.0712605
21.9	0.0711738
21.925	0.0710872
21.95	0.0710007
21.975	0.0709142
22	0.0708278
22.025	0.0707415
22.05	0.0706553
22.075	0.0705692
22.1	0.0704831
22.125	0.0703971
22.15	0.0703112
22.175	0.0702254
22.2	0.0701396
22.225	0.0700539
22.25	0.0699683
22.275	0.0698828
22.3	0.0697973
22.325	0.069712
22.35	0.0696267
22.375	0.0695415
22.4	0.0694564
22.425	0.0693713
22.45	0.0692863
22.475	0.0692014
22.5	0.0691166
22.525	0.0690319
22.55	0.0689473
22.575	0.0688627
22.6	0.0687782
22.625	0.0686938
22.65	0.0686095
22.675	0.0685252
22.7	0.0684411
22.725	0.068357
22.75	0.068273
22.775	0.0681891
22.8	0.0681052
22.825	0.0680215
22.85	0.0679378
22.875	0.0678542
22.9	0.0677707
22.925	0.0676873
22.95	0.067604
22.975	0.0675207
23	0.0674375
23.025	0.0673544
23.05	0.0672714
23.075	0.0671885
23.1	0.0671057
23.125	0.0670229
23.15	0.0669402
23.175	0.0668577
23.2	0.0667752
23.225	0.0666927
23.25	0.0666104
23.275	0.0665282
23.3	0.066446
23.325	0.0663639
23.35	0.0662819
23.375	0.0662
23.4	0.0661182
23.425	0.0660365
23.45	0.0659548
23.475	0.0658732
23.5	0.0657917
23.525	0.0657104
23.55	0.065629
23.575	0.0655478
23.6	0.0654667
23.625	0.0653856
23.65	0.0653047
23.675	0.0652238
23.7	0.065143
23.725	0.0650623
23.75	0.0649816
23.775	0.0649011
23.8	0.0648207
23.825	0.0647403
23.85	0.06466
23.875	0.0645798
23.9	0.0644997
23.925	0.0644197
23.95	0.0643398
23.975	0.0642599
24	0.0641802
24.025	0.0641005
24.05	0.0640209
24.075	0.0639414
24.1	0.063862
24.125	0.0637827
24.15	0.0637035
24.175	0.0636243
24.2	0.0635453
24.225	0.0634663
24.25	0.0633874
24.275	0.0633086
24.3	0.0632299
24.325	0.0631513
24.35	0.0630728
24.375	0.0629943
24.4	0.062916
24.425	0.0628377
24.45	0.0627595
24.475	0.0626814
24.5	0.0626034
24.525	0.0625255
24.55	0.0624477
24.575	0.0623699
24.6	0.0622923
24.625	0.0622147
24.65	0.0621372
24.675	0.0620598
24.7	0.0619825
24.725	0.0619053
24.75	0.0618282
24.775	0.0617512
24.8	0.0616742
24.825	0.0615974
24.85	0.0615206
24.875	0.0614439
24.9	0.0613673
24.925	0.0612908
24.95	0.0612144
24.975	0.061138
25	0.0610618
25.025	0.0609856
25.05	0.0609096
25.075	0.0608336
25.1	0.0607577
25.125	0.0606819
25.15	0.0606062
25.175	0.0605306
25.2	0.060455
25.225	0.0603796
25.25	0.0603042
25.275	0.060229
25.3	0.0601538
25.325	0.0600787
25.35	0.0600037
25.375	0.0599287
25.4	0.0598539
25.425	0.0597792
25.45	0.0597045
25.475	0.05963
25.5	0.0595555
25.525	0.0594811
25.55	0.0594068
25.575	0.0593326
25.6	0.0592584
25.625	0.0591844
25.65	0.0591105
25.675	0.0590366
25.7	0.0589628
25.725	0.0588891
25.75	0.0588155
25.775	0.058742
25.8	0.0586686
25.825	0.0585953
25.85	0.058522
25.875	0.0584489
25.9	0.0583758
25.925	0.0583028
25.95	0.0582299
25.975	0.0581571
26	0.0580844
26.025	0.0580118
26.05	0.0579392
26.075	0.0578667
26.1	0.0577944
26.125	0.0577221
26.15	0.0576499
26.175	0.0575778
26.2	0.0575058
26.225	0.0574338
26.25	0.057362
26.275	0.0572902
26.3	0.0572186
26.325	0.057147
26.35	0.0570755
26.375	0.0570041
26.4	0.0569328
26.425	0.0568615
26.45	0.0567904
26.475	0.0567193
26.5	0.0566483
26.525	0.0565775
26.55	0.0565067
26.575	0.0564359
26.6	0.0563653
26.625	0.0562948
26.65	0.0562243
26.675	0.0561539
26.7	0.0560837
26.725	0.0560135
26.75	0.0559434
26.775	0.0558733
26.8	0.0558034
26.825	0.0557336
26.85	0.0556638
26.875	0.0555941
26.9	0.0555245
26.925	0.055455
26.95	0.0553856
26.975	0.0553163
27	0.055247
27.025	0.0551779
27.05	0.0551088
27.075	0.0550398
27.1	0.0549709
27.125	0.0549021
27.15	0.0548334
27.175	0.0547647
27.2	0.0546961
27.225	0.0546277
27.25	0.0545593
27.275	0.054491
27.3	0.0544228
27.325	0.0543546
27.35	0.0542866
27.375	0.0542186
27.4	0.0541507
27.425	0.0540829
27.45	0.0540152
27.475	0.0539476
27.5	0.05388
27.525	0.0538126
27.55	0.0537452
27.575	0.0536779
27.6	0.0536107
27.625	0.0535436
27.65	0.0534766
27.675	0.0534096
27.7	0.0533428
27.725	0.053276
27.75	0.0532093
27.775	0.0531427
27.8	0.0530761
27.825	0.0530097
27.85	0.0529433
27.875	0.052877
27.9	0.0528108
27.925	0.0527447
27.95	0.0526787
27.975	0.0526128
28	0.0525469
28.025	0.0524811
28.05	0.0524154
28.075	0.0523498
28.1	0.0522843
28.125	0.0522188
28.15	0.0521535
28.175	0.0520882
28.2	0.052023
28.225	0.0519579
28.25	0.0518928
28.275	0.0518279
28.3	0.051763
28.325	0.0516982
28.35	0.0516335
28.375	0.0515689
28.4	0.0515044
28.425	0.0514399
28.45	0.0513755
28.475	0.0513112
28.5	0.051247
28.525	0.0511829
28.55	0.0511188
28.575	0.0510549
28.6	0.050991
28.625	0.0509272
28.65	0.0508634
28.675	0.0507998
28.7	0.0507362
28.725	0.0506728
28.75	0.0506094
28.775	0.050546
28.8	0.0504828
28.825	0.0504196
28.85	0.0503566
28.875	0.0502936
28.9	0.0502307
28.925	0.0501678
28.95	0.0501051
28.975	0.0500424
29	0.0499798
29.025	0.0499173
29.05	0.0498549
29.075	0.0497925
29.1	0.0497302
29.125	0.049668
29.15	0.0496059
29.175	0.0495439
29.2	0.0494819
29.225	0.0494201
29.25	0.0493583
29.275	0.0492965
29.3	0.0492349
29.325	0.0491733
29.35	0.0491119
29.375	0.0490505
29.4	0.0489891
29.425	0.0489279
29.45	0.0488667
29.475	0.0488056
29.5	0.0487446
29.525	0.0486837
29.55	0.0486228
29.575	0.0485621
29.6	0.0485014
29.625	0.0484408
29.65	0.0483802
29.675	0.0483198
29.7	0.0482594
29.725	0.0481991
29.75	0.0481388
29.775	0.0480787
29.8	0.0480186
29.825	0.0479586
29.85	0.0478987
29.875	0.0478389
29.9	0.0477791
29.925	0.0477194
29.95	0.0476598
29.975	0.0476003
30	0.0475408
30.025	0.0474814
30.05	0.0474221
30.075	0.0473629
30.1	0.0473037
30.125	0.0472447
30.15	0.0471857
30.175	0.0471268
30.2	0.0470679
30.225	0.0470091
30.25	0.0469504
30.275	0.0468918
30.3	0.0468333
30.325	0.0467748
30.35	0.0467164
30.375	0.0466581
30.4	0.0465999
30.425	0.0465417
30.45	0.0464836
30.475	0.0464256
30.5	0.0463677
30.525	0.0463098
30.55	0.046252
30.575	0.0461943
30.6	0.0461366
30.625	0.0460791
30.65	0.0460216
30.675	0.0459642
30.7	0.0459068
30.725	0.0458496
30.75	0.0457924
30.775	0.0457352
30.8	0.0456782
30.825	0.0456212
30.85	0.0455643
30.875	0.0455075
30.9	0.0454507
30.925	0.0453941
30.95	0.0453375
30.975	0.0452809
31	0.0452245
31.025	0.0451681
31.05	0.0451118
31.075	0.0450555
31.1	0.0449994
31.125	0.0449433
31.15	0.0448872
31.175	0.0448313
31.2	0.0447754
31.225	0.0447196
31.25	0.0446639
31.275	0.0446082
31.3	0.0445526
31.325	0.0444971
31.35	0.0444417
31.375	0.0443863
31.4	0.044331
31.425	0.0442758
31.45	0.0442206
31.475	0.0441655
31.5	0.0441105
31.525	0.0440556
31.55	0.0440007
31.575	0.0439459
31.6	0.0438912
31.625	0.0438365
31.65	0.0437819
31.675	0.0437274
31.7	0.043673
31.725	0.0436186
31.75	0.0435643
31.775	0.0435101
31.8	0.0434559
31.825	0.0434018
31.85	0.0433478
31.875	0.0432938
31.9	0.04324
31.925	0.0431862
31.95	0.0431324
31.975	0.0430787
32	0.0430251
32.025	0.0429716
32.05	0.0429181
32.075	0.0428647
32.1	0.0428114
32.125	0.0427582
32.15	0.042705
32.175	0.0426519
32.2	0.0425988
32.225	0.0425458
32.25	0.0424929
32.275	0.0424401
32.3	0.0423873
32.325	0.0423346
32.35	0.042282
32.375	0.0422294
32.4	0.0421769
32.425	0.0421244
32.45	0.0420721
32.475	0.0420198
32.5	0.0419676
32.525	0.0419154
32.55	0.0418633
32.575	0.0418113
32.6	0.0417593
32.625	0.0417074
32.65	0.0416556
32.675	0.0416039
32.7	0.0415522
32.725	0.0415005
32.75	0.041449
32.775	0.0413975
32.8	0.0413461
32.825	0.0412947
32.85	0.0412434
32.875	0.0411922
32.9	0.0411411
32.925	0.04109
32.95	0.0410389
32.975	0.040988
33	0.0409371
33.025	0.0408863
33.05	0.0408355
33.075	0.0407848
33.1	0.0407342
33.125	0.0406836
33.15	0.0406332
33.175	0.0405827
33.2	0.0405324
33.225	0.0404821
33.25	0.0404318
33.275	0.0403817
33.3	0.0403316
33.325	0.0402815
33.35	0.0402315
33.375	0.0401816
33.4	0.0401318
33.425	0.040082
33.45	0.0400323
33.475	0.0399827
33.5	0.0399331
33.525	0.0398836
33.55	0.0398341
33.575	0.0397847
33.6	0.0397354
33.625	0.0396861
33.65	0.0396369
33.675	0.0395878
33.7	0.0395387
33.725	0.0394897
33.75	0.0394407
33.775	0.0393919
33.8	0.039343
33.825	0.0392943
33.85	0.0392456
33.875	0.039197
33.9	0.0391484
33.925	0.0390999
33.95	0.0390515
33.975	0.0390031
34	0.0389548
34.025	0.0389065
34.05	0.0388583
34.075	0.0388102
34.1	0.0387621
34.125	0.0387141
34.15	0.0386662
34.175	0.0386183
34.2	0.0385705
34.225	0.0385227
34.25	0.0384751
34.275	0.0384274
34.3	0.0383799
34.325	0.0383324
34.35	0.0382849
34.375	0.0382375
34.4	0.0381902
34.425	0.0381429
34.45	0.0380957
34.475	0.0380486
34.5	0.0380015
34.525	0.0379545
34.55	0.0379075
34.575	0.0378607
34.6	0.0378138
34.625	0.037767
34.65	0.0377203
34.675	0.0376737
34.7	0.0376271
34.725	0.0375806
34.75	0.0375341
34.775	0.0374877
34.8	0.0374413
34.825	0.037395
34.85	0.0373488
34.875	0.0373026
34.9	0.0372565
34.925	0.0372105
34.95	0.0371645
34.975	0.0371185
35	0.0370727
35.025	0.0370268
35.05	0.0369811
35.075	0.0369354
35.1	0.0368898
35.125	0.0368442
35.15	0.0367987
35.175	0.0367532
35.2	0.0367078
35.225	0.0366625
35.25	0.0366172
35.275	0.0365719
35.3	0.0365268
35.325	0.0364817
35.35	0.0364366
35.375	0.0363916
35.4	0.0363467
35.425	0.0363018
35.45	0.036257
35.475	0.0362122
35.5	0.0361675
35.525	0.0361229
35.55	0.0360783
35.575	0.0360338
35.6	0.0359893
35.625	0.0359449
35.65	0.0359005
35.675	0.0358562
35.7	0.035812
35.725	0.0357678
35.75	0.0357237
35.775	0.0356796
35.8	0.0356356
35.825	0.0355916
35.85	0.0355477
35.875	0.0355039
35.9	0.0354601
35.925	0.0354164
35.95	0.0353727
35.975	0.0353291
36	0.0352855
36.025	0.035242
36.05	0.0351986
36.075	0.0351552
36.1	0.0351118
36.125	0.0350685
36.15	0.0350253
36.175	0.0349822
36.2	0.034939
36.225	0.034896
36.25	0.034853
36.275	0.03481
36.3	0.0347671
36.325	0.0347243
36.35	0.0346815
36.375	0.0346388
36.4	0.0345961
36.425	0.0345535
36.45	0.0345109
36.475	0.0344684
36.5	0.034426
36.525	0.0343836
36.55	0.0343412
36.575	0.0342989
36.6	0.0342567
36.625	0.0342145
36.65	0.0341724
36.675	0.0341303
36.7	0.0340883
36.725	0.0340464
36.75	0.0340044
36.775	0.0339626
36.8	0.0339208
36.825	0.033879
36.85	0.0338373
36.875	0.0337957
36.9	0.0337541
36.925	0.0337126
36.95	0.0336711
36.975	0.0336297
37	0.0335883
37.025	0.033547
37.05	0.0335057
37.075	0.0334645
37.1	0.0334233
37.125	0.0333822
37.15	0.0333412
37.175	0.0333002
37.2	0.0332592
37.225	0.0332183
37.25	0.0331775
37.275	0.0331367
37.3	0.033096
37.325	0.0330553
37.35	0.0330146
37.375	0.0329741
37.4	0.0329335
37.425	0.032893
37.45	0.0328526
37.475	0.0328122
37.5	0.0327719
37.525	0.0327317
37.55	0.0326914
37.575	0.0326513
37.6	0.0326111
37.625	0.0325711
37.65	0.0325311
37.675	0.0324911
37.7	0.0324512
37.725	0.0324113
37.75	0.0323715
37.775	0.0323318
37.8	0.0322921
37.825	0.0322524
37.85	0.0322128
37.875	0.0321733
37.9	0.0321338
37.925	0.0320943
37.95	0.0320549
37.975	0.0320155
38	0.0319762
38.025	0.031937
38.05	0.0318978
38.075	0.0318586
38.1	0.0318195
38.125	0.0317805
38.15	0.0317415
38.175	0.0317025
38.2	0.0316636
38.225	0.0316248
38.25	0.031586
38.275	0.0315472
38.3	0.0315085
38.325	0.0314699
38.35	0.0314313
38.375	0.0313927
38.4	0.0313542
38.425	0.0313158
38.45	0.0312774
38.475	0.031239
38.5	0.0312007
38.525	0.0311625
38.55	0.0311242
38.575	0.0310861
38.6	0.031048
38.625	0.0310099
38.65	0.0309719
38.675	0.0309339
38.7	0.030896
38.725	0.0308582
38.75	0.0308203
38.775	0.0307826
38.8	0.0307448
38.825	0.0307072
38.85	0.0306695
38.875	0.030632
38.9	0.0305944
38.925	0.0305569
38.95	0.0305195
38.975	0.0304821
39	0.0304448
39.025	0.0304075
39.05	0.0303703
39.075	0.0303331
39.1	0.0302959
39.125	0.0302588
39.15	0.0302218
39.175	0.0301847
39.2	0.0301478
39.225	0.0301109
39.25	0.030074
39.275	0.0300372
39.3	0.0300004
39.325	0.0299637
39.35	0.029927
39.375	0.0298904
39.4	0.0298538
39.425	0.0298173
39.45	0.0297808
39.475	0.0297443
39.5	0.0297079
39.525	0.0296716
39.55	0.0296353
39.575	0.029599
39.6	0.0295628
39.625	0.0295266
39.65	0.0294905
39.675	0.0294545
39.7	0.0294184
39.725	0.0293824
39.75	0.0293465
39.775	0.0293106
39.8	0.0292748
39.825	0.029239
39.85	0.0292032
39.875	0.0291675
39.9	0.0291318
39.925	0.0290962
39.95	0.0290607
39.975	0.0290251
40	0.0289897
40.025	0.0289542
40.05	0.0289188
40.075	0.0288835
40.1	0.0288482
40.125	0.0288129
40.15	0.0287777
40.175	0.0287425
40.2	0.0287074
40.225	0.0286723
40.25	0.0286373
40.275	0.0286023
40.3	0.0285674
40.325	0.0285325
40.35	0.0284976
40.375	0.0284628
40.4	0.028428
40.425	0.0283933
40.45	0.0283586
40.475	0.028324
40.5	0.0282894
40.525	0.0282549
40.55	0.0282204
40.575	0.0281859
40.6	0.0281515
40.625	0.0281171
40.65	0.0280828
40.675	0.0280485
40.7	0.0280143
40.725	0.0279801
40.75	0.0279459
40.775	0.0279118
40.8	0.0278778
40.825	0.0278437
40.85	0.0278098
40.875	0.0277758
40.9	0.0277419
40.925	0.0277081
40.95	0.0276743
40.975	0.0276405
41	0.0276068
41.025	0.0275731
41.05	0.0275395
41.075	0.0275059
41.1	0.0274723
41.125	0.0274388
41.15	0.0274053
41.175	0.0273719
41.2	0.0273385
41.225	0.0273052
41.25	0.0272719
41.275	0.0272386
41.3	0.0272054
41.325	0.0271723
41.35	0.0271391
41.375	0.027106
41.4	0.027073
41.425	0.02704
41.45	0.027007
41.475	0.0269741
41.5	0.0269412
41.525	0.0269084
41.55	0.0268756
41.575	0.0268429
41.6	0.0268101
41.625	0.0267775
41.65	0.0267448
41.675	0.0267123
41.7	0.0266797
41.725	0.0266472
41.75	0.0266147
41.775	0.0265823
41.8	0.0265499
41.825	0.0265176
41.85	0.0264853
41.875	0.026453
41.9	0.0264208
41.925	0.0263886
41.95	0.0263565
41.975	0.0263244
42	0.0262924
42.025	0.0262603
42.05	0.0262284
42.075	0.0261964
42.1	0.0261645
42.125	0.0261327
42.15	0.0261009
42.175	0.0260691
42.2	0.0260374
42.225	0.0260057
42.25	0.025974
42.275	0.0259424
42.3	0.0259108
42.325	0.0258793
42.35	0.0258478
42.375	0.0258163
42.4	0.0257849
42.425	0.0257536
42.45	0.0257222
42.475	0.0256909
42.5	0.0256597
42.525	0.0256285
42.55	0.0255973
42.575	0.0255661
42.6	0.025535
42.625	0.025504
42.65	0.025473
42.675	0.025442
42.7	0.025411
42.725	0.0253801
42.75	0.0253493
42.775	0.0253185
42.8	0.0252877
42.825	0.0252569
42.85	0.0252262
42.875	0.0251955
42.9	0.0251649
42.925	0.0251343
42.95	0.0251038
42.975	0.0250732
43	0.0250428
43.025	0.0250123
43.05	0.0249819
43.075	0.0249516
43.1	0.0249212
43.125	0.024891
43.15	0.0248607
43.175	0.0248305
43.2	0.0248003
43.225	0.0247702
43.25	0.0247401
43.275	0.02471
43.3	0.02468
43.325	0.02465
43.35	0.0246201
43.375	0.0245902
43.4	0.0245603
43.425	0.0245305
43.45	0.0245007
43.475	0.0244709
43.5	0.0244412
43.525	0.0244115
43.55	0.0243819
43.575	0.0243523
43.6	0.0243227
43.625	0.0242932
43.65	0.0242637
43.675	0.0242342
43.7	0.0242048
43.725	0.0241754
43.75	0.0241461
43.775	0.0241168
43.8	0.0240875
43.825	0.0240583
43.85	0.0240291
43.875	0.0239999
43.9	0.0239708
43.925	0.0239417
43.95	0.0239126
43.975	0.0238836
44	0.0238546
44.025	0.0238257
44.05	0.0237968
44.075	0.0237679
44.1	0.0237391
44.125	0.0237103
44.15	0.0236815
44.175	0.0236528
44.2	0.0236241
44.225	0.0235954
44.25	0.0235668
44.275	0.0235382
44.3	0.0235097
44.325	0.0234812
44.35	0.0234527
44.375	0.0234243
44.4	0.0233959
44.425	0.0233675
44.45	0.0233392
44.475	0.0233109
44.5	0.0232826
44.525	0.0232544
44.55	0.0232262
44.575	0.023198
44.6	0.0231699
44.625	0.0231418
44.65	0.0231138
44.675	0.0230858
44.7	0.0230578
44.725	0.0230298
44.75	0.0230019
44.775	0.0229741
44.8	0.0229462
44.825	0.0229184
44.85	0.0228906
44.875	0.0228629
44.9	0.0228352
44.925	0.0228075
44.95	0.0227799
44.975	0.0227523
45	0.0227247
45.025	0.0226972
45.05	0.0226697
45.075	0.0226423
45.1	0.0226148
45.125	0.0225875
45.15	0.0225601
45.175	0.0225328
45.2	0.0225055
45.225	0.0224782
45.25	0.022451
45.275	0.0224238
45.3	0.0223967
45.325	0.0223696
45.35	0.0223425
45.375	0.0223154
45.4	0.0222884
45.425	0.0222614
45.45	0.0222345
45.475	0.0222076
45.5	0.0221807
45.525	0.0221538
45.55	0.022127
45.575	0.0221003
45.6	0.0220735
45.625	0.0220468
45.65	0.0220201
45.675	0.0219935
45.7	0.0219669
45.725	0.0219403
45.75	0.0219137
45.775	0.0218872
45.8	0.0218607
45.825	0.0218343
45.85	0.0218079
45.875	0.0217815
45.9	0.0217551
45.925	0.0217288
45.95	0.0217026
45.975	0.0216763
46	0.0216501
46.025	0.0216239
46.05	0.0215978
46.075	0.0215716
46.1	0.0215455
46.125	0.0215195
46.15	0.0214935
46.175	0.0214675
46.2	0.0214415
46.225	0.0214156
46.25	0.0213897
46.275	0.0213639
46.3	0.021338
46.325	0.0213122
46.35	0.0212865
46.375	0.0212607
46.4	0.021235
46.425	0.0212094
46.45	0.0211837
46.475	0.0211581
46.5	0.0211326
46.525	0.021107
46.55	0.0210815
46.575	0.0210561
46.6	0.0210306
46.625	0.0210052
46.65	0.0209798
46.675	0.0209545
46.7	0.0209292
46.725	0.0209039
46.75	0.0208786
46.775	0.0208534
46.8	0.0208282
46.825	0.020803
46.85	0.0207779
46.875	0.0207528
46.9	0.0207278
46.925	0.0207027
46.95	0.0206777
46.975	0.0206527
47	0.0206278
47.025	0.0206029
47.05	0.020578
47.075	0.0205532
47.1	0.0205284
47.125	0.0205036
47.15	0.0204788
47.175	0.0204541
47.2	0.0204294
47.225	0.0204047
47.25	0.0203801
47.275	0.0203555
47.3	0.0203309
47.325	0.0203064
47.35	0.0202819
47.375	0.0202574
47.4	0.020233
47.425	0.0202085
47.45	0.0201842
47.475	0.0201598
47.5	0.0201355
47.525	0.0201112
47.55	0.0200869
47.575	0.0200627
47.6	0.0200385
47.625	0.0200143
47.65	0.0199901
47.675	0.019966
47.7	0.0199419
47.725	0.0199179
47.75	0.0198939
47.775	0.0198699
47.8	0.0198459
47.825	0.019822
47.85	0.019798
47.875	0.0197742
47.9	0.0197503
47.925	0.0197265
47.95	0.0197027
47.975	0.019679
48	0.0196552
48.025	0.0196315
48.05	0.0196079
48.075	0.0195842
48.1	0.0195606
48.125	0.019537
48.15	0.0195135
48.175	0.0194899
48.2	0.0194664
48.225	0.019443
48.25	0.0194195
48.275	0.0193961
48.3	0.0193728
48.325	0.0193494
48.35	0.0193261
48.375	0.0193028
48.4	0.0192795
48.425	0.0192563
48.45	0.0192331
48.475	0.0192099
48.5	0.0191868
48.525	0.0191637
48.55	0.0191406
48.575	0.0191175
48.6	0.0190945
48.625	0.0190715
48.65	0.0190485
48.675	0.0190255
48.7	0.0190026
48.725	0.0189797
48.75	0.0189569
48.775	0.018934
48.8	0.0189112
48.825	0.0188885
48.85	0.0188657
48.875	0.018843
48.9	0.0188203
48.925	0.0187976
48.95	0.018775
48.975	0.0187524
49	0.0187298
49.025	0.0187073
49.05	0.0186847
49.075	0.0186622
49.1	0.0186398
49.125	0.0186173
49.15	0.0185949
49.175	0.0185725
49.2	0.0185502
49.225	0.0185278
49.25	0.0185055
49.275	0.0184833
49.3	0.018461
49.325	0.0184388
49.35	0.0184166
49.375	0.0183944
49.4	0.0183723
49.425	0.0183502
49.45	0.0183281
49.475	0.0183061
49.5	0.018284
49.525	0.018262
49.55	0.0182401
49.575	0.0182181
49.6	0.0181962
49.625	0.0181743
49.65	0.0181524
49.675	0.0181306
49.7	0.0181088
49.725	0.018087
49.75	0.0180652
49.775	0.0180435
49.8	0.0180218
49.825	0.0180001
49.85	0.0179785
49.875	0.0179569
49.9	0.0179353
49.925	0.0179137
49.95	0.0178922
49.975	0.0178706
50	0.0178492
50.025	0.0178277
50.05	0.0178063
50.075	0.0177848
50.1	0.0177635
50.125	0.0177421
50.15	0.0177208
50.175	0.0176995
50.2	0.0176782
50.225	0.0176569
50.25	0.0176357
50.275	0.0176145
50.3	0.0175933
50.325	0.0175722
50.35	0.0175511
50.375	0.01753
50.4	0.0175089
50.425	0.0174879
50.45	0.0174669
50.475	0.0174459
50.5	0.0174249
50.525	0.017404
50.55	0.017383
50.575	0.0173622
50.6	0.0173413
50.625	0.0173205
50.65	0.0172997
50.675	0.0172789
50.7	0.0172581
50.725	0.0172374
50.75	0.0172167
50.775	0.017196
50.8	0.0171753
50.825	0.0171547
50.85	0.0171341
50.875	0.0171135
50.9	0.017093
50.925	0.0170724
50.95	0.0170519
50.975	0.0170315
51	0.017011
51.025	0.0169906
51.05	0.0169702
51.075	0.0169498
51.1	0.0169294
51.125	0.0169091
51.15	0.0168888
51.175	0.0168685
51.2	0.0168483
51.225	0.0168281
51.25	0.0168079
51.275	0.0167877
51.3	0.0167675
51.325	0.0167474
51.35	0.0167273
51.375	0.0167072
51.4	0.0166872
51.425	0.0166671
51.45	0.0166471
51.475	0.0166271
51.5	0.0166072
51.525	0.0165873
51.55	0.0165674
51.575	0.0165475
51.6	0.0165276
51.625	0.0165078
51.65	0.016488
51.675	0.0164682
51.7	0.0164484
51.725	0.0164287
51.75	0.016409
51.775	0.0163893
51.8	0.0163696
51.825	0.01635
51.85	0.0163304
51.875	0.0163108
51.9	0.0162912
51.925	0.0162717
51.95	0.0162522
51.975	0.0162327
52	0.0162132
52.025	0.0161938
52.05	0.0161743
52.075	0.016155
52.1	0.0161356
52.125	0.0161162
52.15	0.0160969
52.175	0.0160776
52.2	0.0160583
52.225	0.0160391
52.25	0.0160198
52.275	0.0160006
52.3	0.0159814
52.325	0.0159623
52.35	0.0159431
52.375	0.015924
52.4	0.0159049
52.425	0.0158859
52.45	0.0158668
52.475	0.0158478
52.5	0.0158288
52.525	0.0158098
52.55	0.0157909
52.575	0.015772
52.6	0.0157531
52.625	0.0157342
52.65	0.0157153
52.675	0.0156965
52.7	0.0156777
52.725	0.0156589
52.75	0.0156401
52.775	0.0156214
52.8	0.0156027
52.825	0.015584
52.85	0.0155653
52.875	0.0155467
52.9	0.015528
52.925	0.0155094
52.95	0.0154909
52.975	0.0154723
53	0.0154538
53.025	0.0154353
53.05	0.0154168
53.075	0.0153983
53.1	0.0153799
53.125	0.0153614
53.15	0.015343
53.175	0.0153247
53.2	0.0153063
53.225	0.015288
53.25	0.0152697
53.275	0.0152514
53.3	0.0152331
53.325	0.0152149
53.35	0.0151967
53.375	0.0151785
53.4	0.0151603
53.425	0.0151421
53.45	0.015124
53.475	0.0151059
53.5	0.0150878
53.525	0.0150698
53.55	0.0150517
53.575	0.0150337
53.6	0.0150157
53.625	0.0149977
53.65	0.0149798
53.675	0.0149619
53.7	0.0149439
53.725	0.0149261
53.75	0.0149082
53.775	0.0148904
53.8	0.0148725
53.825	0.0148547
53.85	0.014837
53.875	0.0148192
53.9	0.0148015
53.925	0.0147838
53.95	0.0147661
53.975	0.0147484
54	0.0147308
54.025	0.0147131
54.05	0.0146955
54.075	0.0146779
54.1	0.0146604
54.125	0.0146428
54.15	0.0146253
54.175	0.0146078
54.2	0.0145904
54.225	0.0145729
54.25	0.0145555
54.275	0.0145381
54.3	0.0145207
54.325	0.0145033
54.35	0.014486
54.375	0.0144686
54.4	0.0144513
54.425	0.0144341
54.45	0.0144168
54.475	0.0143996
54.5	0.0143823
54.525	0.0143651
54.55	0.014348
54.575	0.0143308
54.6	0.0143137
54.625	0.0142966
54.65	0.0142795
54.675	0.0142624
54.7	0.0142453
54.725	0.0142283
54.75	0.0142113
54.775	0.0141943
54.8	0.0141774
54.825	0.0141604
54.85	0.0141435
54.875	0.0141266
54.9	0.0141097
54.925	0.0140928
54.95	0.014076
54.975	0.0140592
55	0.0140424
55.025	0.0140256
55.05	0.0140088
55.075	0.0139921
55.1	0.0139754
55.125	0.0139587
55.15	0.013942
55.175	0.0139253
55.2	0.0139087
55.225	0.0138921
55.25	0.0138755
55.275	0.0138589
55.3	0.0138423
55.325	0.0138258
55.35	0.0138093
55.375	0.0137928
55.4	0.0137763
55.425	0.0137598
55.45	0.0137434
55.475	0.013727
55.5	0.0137106
55.525	0.0136942
55.55	0.0136779
55.575	0.0136615
55.6	0.0136452
55.625	0.0136289
55.65	0.0136126
55.675	0.0135964
55.7	0.0135801
55.725	0.0135639
55.75	0.0135477
55.775	0.0135316
55.8	0.0135154
55.825	0.0134993
55.85	0.0134831
55.875	0.0134671
55.9	0.013451
55.925	0.0134349
55.95	0.0134189
55.975	0.0134029
56	0.0133869
56.025	0.0133709
56.05	0.0133549
56.075	0.013339
56.1	0.0133231
56.125	0.0133072
56.15	0.0132913
56.175	0.0132754
56.2	0.0132596
56.225	0.0132437
56.25	0.0132279
56.275	0.0132121
56.3	0.0131964
56.325	0.0131806
56.35	0.0131649
56.375	0.0131492
56.4	0.0131335
56.425	0.0131178
56.45	0.0131022
56.475	0.0130865
56.5	0.0130709
56.525	0.0130553
56.55	0.0130398
56.575	0.0130242
56.6	0.0130087
56.625	0.0129932
56.65	0.0129777
56.675	0.0129622
56.7	0.0129467
56.725	0.0129313
56.75	0.0129158
56.775	0.0129004
56.8	0.012885
56.825	0.0128697
56.85	0.0128543
56.875	0.012839
56.9	0.0128237
56.925	0.0128084
56.95	0.0127931
56.975	0.0127779
57	0.0127626
57.025	0.0127474
57.05	0.0127322
57.075	0.012717
57.1	0.0127019
57.125	0.0126867
57.15	0.0126716
57.175	0.0126565
57.2	0.0126414
57.225	0.0126263
57.25	0.0126113
57.275	0.0125962
57.3	0.0125812
57.325	0.0125662
57.35	0.0125513
57.375	0.0125363
57.4	0.0125213
57.425	0.0125064
57.45	0.0124915
57.475	0.0124766
57.5	0.0124618
57.525	0.0124469
57.55	0.0124321
57.575	0.0124173
57.6	0.0124025
57.625	0.0123877
57.65	0.0123729
57.675	0.0123582
57.7	0.0123435
57.725	0.0123287
57.75	0.0123141
57.775	0.0122994
57.8	0.0122847
57.825	0.0122701
57.85	0.0122555
57.875	0.0122409
57.9	0.0122263
57.925	0.0122117
57.95	0.0121972
57.975	0.0121827
58	0.0121681
58.025	0.0121536
58.05	0.0121392
58.075	0.0121247
58.1	0.0121103
58.125	0.0120958
58.15	0.0120814
58.175	0.012067
58.2	0.0120527
58.225	0.0120383
58.25	0.012024
58.275	0.0120097
58.3	0.0119954
58.325	0.0119811
58.35	0.0119668
58.375	0.0119526
58.4	0.0119383
58.425	0.0119241
58.45	0.0119099
58.475	0.0118957
58.5	0.0118816
58.525	0.0118674
58.55	0.0118533
58.575	0.0118392
58.6	0.0118251
58.625	0.011811
58.65	0.011797
58.675	0.0117829
58.7	0.0117689
58.725	0.0117549
58.75	0.0117409
58.775	0.0117269
58.8	0.011713
58.825	0.011699
58.85	0.0116851
58.875	0.0116712
58.9	0.0116573
58.925	0.0116434
58.95	0.0116296
58.975	0.0116157
59	0.0116019
59.025	0.0115881
59.05	0.0115743
59.075	0.0115606
59.1	0.0115468
59.125	0.0115331
59.15	0.0115193
59.175	0.0115056
59.2	0.0114919
59.225	0.0114783
59.25	0.0114646
59.275	0.011451
59.3	0.0114374
59.325	0.0114238
59.35	0.0114102
59.375	0.0113966
59.4	0.011383
59.425	0.0113695
59.45	0.011356
59.475	0.0113425
59.5	0.011329
59.525	0.0113155
59.55	0.011302
59.575	0.0112886
59.6	0.0112752
59.625	0.0112618
59.65	0.0112484
59.675	0.011235
59.7	0.0112216
59.725	0.0112083
59.75	0.011195
59.775	0.0111817
59.8	0.0111684
59.825	0.0111551
59.85	0.0111418
59.875	0.0111286
59.9	0.0111153
59.925	0.0111021
59.95	0.0110889
59.975	0.0110758
60	0.0110626
60.025	0.0110494
60.05	0.0110363
60.075	0.0110232
60.1	0.0110101
60.125	0.010997
60.15	0.0109839
60.175	0.0109709
60.2	0.0109578
60.225	0.0109448
60.25	0.0109318
60.275	0.0109188
60.3	0.0109058
60.325	0.0108929
60.35	0.0108799
60.375	0.010867
60.4	0.0108541
60.425	0.0108412
60.45	0.0108283
60.475	0.0108154
60.5	0.0108026
60.525	0.0107898
60.55	0.0107769
60.575	0.0107641
60.6	0.0107513
60.625	0.0107386
60.65	0.0107258
60.675	0.0107131
60.7	0.0107003
60.725	0.0106876
60.75	0.0106749
60.775	0.0106623
60.8	0.0106496
60.825	0.0106369
60.85	0.0106243
60.875	0.0106117
60.9	0.0105991
60.925	0.0105865
60.95	0.0105739
60.975	0.0105614
61	0.0105488
61.025	0.0105363
61.05	0.0105238
61.075	0.0105113
61.1	0.0104988
61.125	0.0104863
61.15	0.0104739
61.175	0.0104615
61.2	0.010449
61.225	0.0104366
61.25	0.0104242
61.275	0.0104119
61.3	0.0103995
61.325	0.0103872
61.35	0.0103748
61.375	0.0103625
61.4	0.0103502
61.425	0.0103379
61.45	0.0103256
61.475	0.0103134
61.5	0.0103011
61.525	0.0102889
61.55	0.0102767
61.575	0.0102645
61.6	0.0102523
61.625	0.0102402
61.65	0.010228
61.675	0.0102159
61.7	0.0102037
61.725	0.0101916
61.75	0.0101795
61.775	0.0101675
61.8	0.0101554
61.825	0.0101433
61.85	0.0101313
61.875	0.0101193
61.9	0.0101073
61.925	0.0100953
61.95	0.0100833
61.975	0.0100713
62	0.0100594
62.025	0.0100475
62.05	0.0100355
62.075	0.0100236
62.1	0.0100117
62.125	0.00999987
62.15	0.00998801
62.175	0.00997616
62.2	0.00996433
62.225	0.00995251
62.25	0.0099407
62.275	0.00992891
62.3	0.00991713
62.325	0.00990537
62.35	0.00989362
62.375	0.00988189
62.4	0.00987017
62.425	0.00985846
62.45	0.00984677
62.475	0.0098351
62.5	0.00982343
62.525	0.00981179
62.55	0.00980015
62.575	0.00978853
62.6	0.00977692
62.625	0.00976533
62.65	0.00975375
62.675	0.00974219
62.7	0.00973064
62.725	0.0097191
62.75	0.00970758
62.775	0.00969607
62.8	0.00968457
62.825	0.00967309
62.85	0.00966162
62.875	0.00965017
62.9	0.00963873
62.925	0.00962731
62.95	0.00961589
62.975	0.0096045
63	0.00959311
63.025	0.00958174
63.05	0.00957038
63.075	0.00955904
63.1	0.00954771
63.125	0.0095364
63.15	0.00952509
63.175	0.00951381
63.2	0.00950253
63.225	0.00949127
63.25	0.00948002
63.275	0.00946879
63.3	0.00945757
63.325	0.00944636
63.35	0.00943517
63.375	0.00942399
63.4	0.00941282
63.425	0.00940167
63.45	0.00939053
63.475	0.00937941
63.5	0.00936829
63.525	0.00935719
63.55	0.00934611
63.575	0.00933504
63.6	0.00932398
63.625	0.00931293
63.65	0.0093019
63.675	0.00929088
63.7	0.00927988
63.725	0.00926888
63.75	0.00925791
63.775	0.00924694
63.8	0.00923599
63.825	0.00922505
63.85	0.00921412
63.875	0.00920321
63.9	0.00919231
63.925	0.00918142
63.95	0.00917055
63.975	0.00915969
64	0.00914884
64.025	0.00913801
64.05	0.00912719
64.075	0.00911638
64.1	0.00910559
64.125	0.00909481
64.15	0.00908404
64.175	0.00907328
64.2	0.00906254
64.225	0.00905181
64.25	0.00904109
64.275	0.00903039
64.3	0.0090197
64.325	0.00900902
64.35	0.00899835
64.375	0.0089877
64.4	0.00897706
64.425	0.00896644
64.45	0.00895582
64.475	0.00894522
64.5	0.00893463
64.525	0.00892406
64.55	0.0089135
64.575	0.00890295
64.6	0.00889241
64.625	0.00888188
64.65	0.00887137
64.675	0.00886087
64.7	0.00885039
64.725	0.00883991
64.75	0.00882945
64.775	0.008819
64.8	0.00880857
64.825	0.00879814
64.85	0.00878773
64.875	0.00877734
64.9	0.00876695
64.925	0.00875658
64.95	0.00874622
64.975	0.00873587
65	0.00872553
65.025	0.00871521
65.05	0.0087049
65.075	0.0086946
65.1	0.00868431
65.125	0.00867404
65.15	0.00866378
65.175	0.00865353
65.2	0.00864329
65.225	0.00863307
65.25	0.00862286
65.275	0.00861266
65.3	0.00860247
65.325	0.0085923
65.35	0.00858213
65.375	0.00857198
65.4	0.00856184
65.425	0.00855172
65.45	0.00854161
65.475	0.0085315
65.5	0.00852141
65.525	0.00851134
65.55	0.00850127
65.575	0.00849122
65.6	0.00848118
65.625	0.00847115
65.65	0.00846113
65.675	0.00845113
65.7	0.00844114
65.725	0.00843116
65.75	0.00842119
65.775	0.00841123
65.8	0.00840129
65.825	0.00839135
65.85	0.00838143
65.875	0.00837152
65.9	0.00836163
65.925	0.00835174
65.95	0.00834187
65.975	0.00833201
66	0.00832216
66.025	0.00831232
66.05	0.0083025
66.075	0.00829268
66.1	0.00828288
66.125	0.00827309
66.15	0.00826331
66.175	0.00825355
66.2	0.00824379
66.225	0.00823405
66.25	0.00822432
66.275	0.0082146
66.3	0.00820489
66.325	0.0081952
66.35	0.00818551
66.375	0.00817584
66.4	0.00816618
66.425	0.00815653
66.45	0.00814689
66.475	0.00813726
66.5	0.00812765
66.525	0.00811805
66.55	0.00810845
66.575	0.00809888
66.6	0.00808931
66.625	0.00807975
66.65	0.0080702
66.675	0.00806067
66.7	0.00805115
66.725	0.00804164
66.75	0.00803214
66.775	0.00802265
66.8	0.00801317
66.825	0.00800371
66.85	0.00799425
66.875	0.00798481
66.9	0.00797538
66.925	0.00796596
66.95	0.00795655
66.975	0.00794715
67	0.00793777
67.025	0.00792839
67.05	0.00791903
67.075	0.00790968
67.1	0.00790034
67.125	0.00789101
67.15	0.00788169
67.175	0.00787238
67.2	0.00786308
67.225	0.0078538
67.25	0.00784453
67.275	0.00783526
67.3	0.00782601
67.325	0.00781677
67.35	0.00780754
67.375	0.00779833
67.4	0.00778912
67.425	0.00777992
67.45	0.00777074
67.475	0.00776156
67.5	0.0077524
67.525	0.00774325
67.55	0.00773411
67.575	0.00772498
67.6	0.00771586
67.625	0.00770675
67.65	0.00769765
67.675	0.00768857
67.7	0.00767949
67.725	0.00767043
67.75	0.00766138
67.775	0.00765233
67.8	0.0076433
67.825	0.00763428
67.85	0.00762527
67.875	0.00761627
67.9	0.00760728
67.925	0.00759831
67.95	0.00758934
67.975	0.00758038
68	0.00757144
68.025	0.00756251
68.05	0.00755358
68.075	0.00754467
68.1	0.00753577
68.125	0.00752688
68.15	0.00751799
68.175	0.00750912
68.2	0.00750026
68.225	0.00749142
68.25	0.00748258
68.275	0.00747375
68.3	0.00746493
68.325	0.00745613
68.35	0.00744733
68.375	0.00743855
68.4	0.00742977
68.425	0.00742101
68.45	0.00741225
68.475	0.00740351
68.5	0.00739478
68.525	0.00738605
68.55	0.00737734
68.575	0.00736864
68.6	0.00735995
68.625	0.00735127
68.65	0.0073426
68.675	0.00733394
68.7	0.00732529
68.725	0.00731665
68.75	0.00730802
68.775	0.00729941
68.8	0.0072908
68.825	0.0072822
68.85	0.00727361
68.875	0.00726504
68.9	0.00725647
68.925	0.00724792
68.95	0.00723937
68.975	0.00723083
69	0.00722231
69.025	0.00721379
69.05	0.00720529
69.075	0.00719679
69.1	0.00718831
69.125	0.00717983
69.15	0.00717137
69.175	0.00716292
69.2	0.00715447
69.225	0.00714604
69.25	0.00713761
69.275	0.0071292
69.3	0.0071208
69.325	0.0071124
69.35	0.00710402
69.375	0.00709565
69.4	0.00708728
69.425	0.00707893
69.45	0.00707059
69.475	0.00706225
69.5	0.00705393
69.525	0.00704562
69.55	0.00703732
69.575	0.00702902
69.6	0.00702074
69.625	0.00701247
69.65	0.0070042
69.675	0.00699595
69.7	0.0069877
69.725	0.00697947
69.75	0.00697125
69.775	0.00696303
69.8	0.00695483
69.825	0.00694663
69.85	0.00693845
69.875	0.00693027
69.9	0.00692211
69.925	0.00691395
69.95	0.00690581
69.975	0.00689767
70	0.00688955
70.025	0.00688143
70.05	0.00687333
70.075	0.00686523
70.1	0.00685714
70.125	0.00684906
70.15	0.006841
70.175	0.00683294
70.2	0.00682489
70.225	0.00681685
70.25	0.00680882
70.275	0.0068008
70.3	0.00679279
70.325	0.00678479
70.35	0.0067768
70.375	0.00676882
70.4	0.00676085
70.425	0.00675289
70.45	0.00674494
70.475	0.00673699
70.5	0.00672906
70.525	0.00672114
70.55	0.00671322
70.575	0.00670532
70.6	0.00669742
70.625	0.00668954
70.65	0.00668166
70.675	0.00667379
70.7	0.00666593
70.725	0.00665809
70.75	0.00665025
70.775	0.00664242
70.8	0.0066346
70.825	0.00662679
70.85	0.00661899
70.875	0.00661119
70.9	0.00660341
70.925	0.00659564
70.95	0.00658787
70.975	0.00658012
71	0.00657237
71.025	0.00656464
71.05	0.00655691
71.075	0.00654919
71.1	0.00654148
71.125	0.00653379
71.15	0.0065261
71.175	0.00651842
71.2	0.00651074
71.225	0.00650308
71.25	0.00649543
71.275	0.00648778
71.3	0.00648015
71.325	0.00647252
71.35	0.00646491
71.375	0.0064573
71.4	0.0064497
71.425	0.00644211
71.45	0.00643453
71.475	0.00642696
71.5	0.0064194
71.525	0.00641184
71.55	0.0064043
71.575	0.00639677
71.6	0.00638924
71.625	0.00638172
71.65	0.00637421
71.675	0.00636672
71.7	0.00635923
71.725	0.00635174
71.75	0.00634427
71.775	0.00633681
71.8	0.00632935
71.825	0.00632191
71.85	0.00631447
71.875	0.00630705
71.9	0.00629963
71.925	0.00629222
71.95	0.00628482
71.975	0.00627742
72	0.00627004
72.025	0.00626267
72.05	0.0062553
72.075	0.00624794
72.1	0.0062406
72.125	0.00623326
72.15	0.00622593
72.175	0.00621861
72.2	0.00621129
72.225	0.00620399
72.25	0.00619669
72.275	0.00618941
72.3	0.00618213
72.325	0.00617486
72.35	0.0061676
72.375	0.00616035
72.4	0.0061531
72.425	0.00614587
72.45	0.00613864
72.475	0.00613143
72.5	0.00612422
72.525	0.00611702
72.55	0.00610983
72.575	0.00610264
72.6	0.00609547
72.625	0.0060883
72.65	0.00608115
72.675	0.006074
72.7	0.00606686
72.725	0.00605973
72.75	0.0060526
72.775	0.00604549
72.8	0.00603838
72.825	0.00603129
72.85	0.0060242
72.875	0.00601712
72.9	0.00601004
72.925	0.00600298
72.95	0.00599592
72.975	0.00598888
73	0.00598184
73.025	0.00597481
73.05	0.00596779
73.075	0.00596078
73.1	0.00595377
73.125	0.00594677
73.15	0.00593979
73.175	0.00593281
73.2	0.00592584
73.225	0.00591887
73.25	0.00591192
73.275	0.00590497
73.3	0.00589803
73.325	0.0058911
73.35	0.00588418
73.375	0.00587727
73.4	0.00587036
73.425	0.00586347
73.45	0.00585658
73.475	0.0058497
73.5	0.00584283
73.525	0.00583596
73.55	0.00582911
73.575	0.00582226
73.6	0.00581542
73.625	0.00580859
73.65	0.00580177
73.675	0.00579495
73.7	0.00578814
73.725	0.00578135
73.75	0.00577456
73.775	0.00576777
73.8	0.005761
73.825	0.00575423
73.85	0.00574748
73.875	0.00574072
73.9	0.00573398
73.925	0.00572725
73.95	0.00572052
73.975	0.00571381
74	0.0057071
74.025	0.00570039
74.05	0.0056937
74.075	0.00568701
74.1	0.00568034
74.125	0.00567367
74.15	0.005667
74.175	0.00566035
74.2	0.0056537
74.225	0.00564707
74.25	0.00564044
74.275	0.00563381
74.3	0.0056272
74.325	0.00562059
74.35	0.005614
74.375	0.0056074
74.4	0.00560082
74.425	0.00559425
74.45	0.00558768
74.475	0.00558112
74.5	0.00557457
74.525	0.00556803
74.55	0.00556149
74.575	0.00555496
74.6	0.00554844
74.625	0.00554193
74.65	0.00553542
74.675	0.00552893
74.7	0.00552244
74.725	0.00551596
74.75	0.00550948
74.775	0.00550302
74.8	0.00549656
74.825	0.00549011
74.85	0.00548366
74.875	0.00547723
74.9	0.0054708
74.925	0.00546438
74.95	0.00545797
74.975	0.00545157
75	0.00544517
75.025	0.00543878
75.05	0.0054324
75.075	0.00542602
75.1	0.00541966
75.125	0.0054133
75.15	0.00540695
75.175	0.0054006
75.2	0.00539427
75.225	0.00538794
75.25	0.00538162
75.275	0.0053753
75.3	0.005369
75.325	0.0053627
75.35	0.00535641
75.375	0.00535012
75.4	0.00534385
75.425	0.00533758
75.45	0.00533132
75.475	0.00532506
75.5	0.00531882
75.525	0.00531258
75.55	0.00530635
75.575	0.00530013
75.6	0.00529391
75.625	0.0052877
75.65	0.0052815
75.675	0.0052753
75.7	0.00526912
75.725	0.00526294
75.75	0.00525677
75.775	0.0052506
75.8	0.00524444
75.825	0.00523829
75.85	0.00523215
75.875	0.00522602
75.9	0.00521989
75.925	0.00521377
75.95	0.00520765
75.975	0.00520155
76	0.00519545
76.025	0.00518936
76.05	0.00518327
76.075	0.00517719
76.1	0.00517112
76.125	0.00516506
76.15	0.00515901
76.175	0.00515296
76.2	0.00514692
76.225	0.00514088
76.25	0.00513486
76.275	0.00512884
76.3	0.00512282
76.325	0.00511682
76.35	0.00511082
76.375	0.00510483
76.4	0.00509885
76.425	0.00509287
76.45	0.0050869
76.475	0.00508094
76.5	0.00507498
76.525	0.00506903
76.55	0.00506309
76.575	0.00505716
76.6	0.00505123
76.625	0.00504531
76.65	0.0050394
76.675	0.00503349
76.7	0.00502759
76.725	0.0050217
76.75	0.00501582
76.775	0.00500994
76.8	0.00500407
76.825	0.00499821
76.85	0.00499235
76.875	0.0049865
76.9	0.00498066
76.925	0.00497482
76.95	0.00496899
76.975	0.00496317
77	0.00495735
77.025	0.00495155
77.05	0.00494574
77.075	0.00493995
77.1	0.00493416
77.125	0.00492838
77.15	0.00492261
77.175	0.00491684
77.2	0.00491108
77.225	0.00490533
77.25	0.00489958
77.275	0.00489384
77.3	0.00488811
77.325	0.00488238
77.35	0.00487666
77.375	0.00487095
77.4	0.00486525
77.425	0.00485955
77.45	0.00485386
77.475	0.00484817
77.5	0.00484249
77.525	0.00483682
77.55	0.00483116
77.575	0.0048255
77.6	0.00481985
77.625	0.0048142
77.65	0.00480856
77.675	0.00480293
77.7	0.00479731
77.725	0.00479169
77.75	0.00478608
77.775	0.00478048
77.8	0.00477488
77.825	0.00476929
77.85	0.0047637
77.875	0.00475812
77.9	0.00475255
77.925	0.00474699
77.95	0.00474143
77.975	0.00473588
78	0.00473033
78.025	0.0047248
78.05	0.00471926
78.075	0.00471374
78.1	0.00470822
78.125	0.00470271
78.15	0.0046972
78.175	0.00469171
78.2	0.00468621
78.225	0.00468073
78.25	0.00467525
78.275	0.00466978
78.3	0.00466431
78.325	0.00465885
78.35	0.0046534
78.375	0.00464795
78.4	0.00464251
78.425	0.00463708
78.45	0.00463165
78.475	0.00462623
78.5	0.00462081
78.525	0.0046154
78.55	0.00461
78.575	0.00460461
78.6	0.00459922
78.625	0.00459384
78.65	0.00458846
78.675	0.00458309
78.7	0.00457773
78.725	0.00457237
78.75	0.00456702
78.775	0.00456168
78.8	0.00455634
78.825	0.00455101
78.85	0.00454568
78.875	0.00454036
78.9	0.00453505
78.925	0.00452975
78.95	0.00452445
78.975	0.00451915
79	0.00451386
79.025	0.00450858
79.05	0.00450331
79.075	0.00449804
79.1	0.00449278
79.125	0.00448752
79.15	0.00448227
79.175	0.00447703
79.2	0.00447179
79.225	0.00446656
79.25	0.00446134
79.275	0.00445612
79.3	0.00445091
79.325	0.0044457
79.35	0.0044405
79.375	0.00443531
79.4	0.00443012
79.425	0.00442494
79.45	0.00441976
79.475	0.00441459
79.5	0.00440943
79.525	0.00440427
79.55	0.00439912
79.575	0.00439398
79.6	0.00438884
79.625	0.00438371
79.65	0.00437858
79.675	0.00437346
79.7	0.00436835
79.725	0.00436324
79.75	0.00435814
79.775	0.00435304
79.8	0.00434795
79.825	0.00434287
79.85	0.00433779
79.875	0.00433272
79.9	0.00432765
79.925	0.00432259
79.95	0.00431754
79.975	0.00431249
80	0.00430745
80.025	0.00430241
80.05	0.00429738
80.075	0.00429236
80.1	0.00428734
80.125	0.00428233
80.15	0.00427732
80.175	0.00427232
80.2	0.00426733
80.225	0.00426234
80.25	0.00425736
80.275	0.00425238
80.3	0.00424741
80.325	0.00424244
80.35	0.00423749
80.375	0.00423253
80.4	0.00422759
80.425	0.00422264
80.45	0.00421771
80.475	0.00421278
80.5	0.00420786
80.525	0.00420294
80.55	0.00419803
80.575	0.00419312
80.6	0.00418822
80.625	0.00418333
80.65	0.00417844
80.675	0.00417356
80.7	0.00416868
80.725	0.00416381
80.75	0.00415894
80.775	0.00415408
80.8	0.00414923
80.825	0.00414438
80.85	0.00413954
80.875	0.0041347
80.9	0.00412987
80.925	0.00412505
80.95	0.00412023
80.975	0.00411541
81	0.0041106
81.025	0.0041058
81.05	0.004101
81.075	0.00409621
81.1	0.00409143
81.125	0.00408665
81.15	0.00408188
81.175	0.00407711
81.2	0.00407234
81.225	0.00406759
81.25	0.00406284
81.275	0.00405809
81.3	0.00405335
81.325	0.00404862
81.35	0.00404389
81.375	0.00403916
81.4	0.00403445
81.425	0.00402973
81.45	0.00402503
81.475	0.00402033
81.5	0.00401563
81.525	0.00401094
81.55	0.00400626
81.575	0.00400158
81.6	0.0039969
81.625	0.00399224
81.65	0.00398758
81.675	0.00398292
81.7	0.00397827
81.725	0.00397362
81.75	0.00396898
81.775	0.00396435
81.8	0.00395972
81.825	0.0039551
81.85	0.00395048
81.875	0.00394587
81.9	0.00394126
81.925	0.00393666
81.95	0.00393206
81.975	0.00392747
82	0.00392288
82.025	0.0039183
82.05	0.00391373
82.075	0.00390916
82.1	0.0039046
82.125	0.00390004
82.15	0.00389549
82.175	0.00389094
82.2	0.0038864
82.225	0.00388186
82.25	0.00387733
82.275	0.0038728
82.3	0.00386828
82.325	0.00386377
82.35	0.00385926
82.375	0.00385475
82.4	0.00385025
82.425	0.00384576
82.45	0.00384127
82.475	0.00383679
82.5	0.00383231
82.525	0.00382784
82.55	0.00382337
82.575	0.00381891
82.6	0.00381445
82.625	0.00381
82.65	0.00380555
82.675	0.00380111
82.7	0.00379668
82.725	0.00379225
82.75	0.00378782
82.775	0.0037834
82.8	0.00377899
82.825	0.00377458
82.85	0.00377017
82.875	0.00376577
82.9	0.00376138
82.925	0.00375699
82.95	0.00375261
82.975	0.00374823
83	0.00374386
83.025	0.00373949
83.05	0.00373513
83.075	0.00373077
83.1	0.00372642
83.125	0.00372207
83.15	0.00371773
83.175	0.00371339
83.2	0.00370906
83.225	0.00370473
83.25	0.00370041
83.275	0.00369609
83.3	0.00369178
83.325	0.00368748
83.35	0.00368318
83.375	0.00367888
83.4	0.00367459
83.425	0.0036703
83.45	0.00366602
83.475	0.00366175
83.5	0.00365748
83.525	0.00365321
83.55	0.00364895
83.575	0.00364469
83.6	0.00364044
83.625	0.0036362
83.65	0.00363196
83.675	0.00362772
83.7	0.00362349
83.725	0.00361927
83.75	0.00361504
83.775	0.00361083
83.8	0.00360662
83.825	0.00360241
83.85	0.00359821
83.875	0.00359402
83.9	0.00358983
83.925	0.00358564
83.95	0.00358146
83.975	0.00357728
84	0.00357311
84.025	0.00356895
84.05	0.00356479
84.075	0.00356063
84.1	0.00355648
84.125	0.00355233
84.15	0.00354819
84.175	0.00354406
84.2	0.00353992
84.225	0.0035358
84.25	0.00353168
84.275	0.00352756
84.3	0.00352345
84.325	0.00351934
84.35	0.00351524
84.375	0.00351114
84.4	0.00350705
84.425	0.00350296
84.45	0.00349888
84.475	0.0034948
84.5	0.00349073
84.525	0.00348666
84.55	0.00348259
84.575	0.00347854
84.6	0.00347448
84.625	0.00347043
84.65	0.00346639
84.675	0.00346235
84.7	0.00345831
84.725	0.00345428
84.75	0.00345026
84.775	0.00344624
84.8	0.00344222
84.825	0.00343821
84.85	0.0034342
84.875	0.0034302
84.9	0.0034262
84.925	0.00342221
84.95	0.00341823
84.975	0.00341424
85	0.00341026
85.025	0.00340629
85.05	0.00340232
85.075	0.00339836
85.1	0.0033944
85.125	0.00339044
85.15	0.00338649
85.175	0.00338255
85.2	0.00337861
85.225	0.00337467
85.25	0.00337074
85.275	0.00336681
85.3	0.00336289
85.325	0.00335898
85.35	0.00335506
85.375	0.00335115
85.4	0.00334725
85.425	0.00334335
85.45	0.00333946
85.475	0.00333557
85.5	0.00333168
85.525	0.0033278
85.55	0.00332393
85.575	0.00332005
85.6	0.00331619
85.625	0.00331233
85.65	0.00330847
85.675	0.00330462
85.7	0.00330077
85.725	0.00329692
85.75	0.00329308
85.775	0.00328925
85.8	0.00328542
85.825	0.00328159
85.85	0.00327777
85.875	0.00327395
85.9	0.00327014
85.925	0.00326633
85.95	0.00326253
85.975	0.00325873
86	0.00325494
86.025	0.00325115
86.05	0.00324736
86.075	0.00324358
86.1	0.0032398
86.125	0.00323603
86.15	0.00323226
86.175	0.0032285
86.2	0.00322474
86.225	0.00322099
86.25	0.00321724
86.275	0.00321349
86.3	0.00320975
86.325	0.00320602
86.35	0.00320228
86.375	0.00319856
86.4	0.00319483
86.425	0.00319111
86.45	0.0031874
86.475	0.00318369
86.5	0.00317998
86.525	0.00317628
86.55	0.00317258
86.575	0.00316889
86.6	0.0031652
86.625	0.00316152
86.65	0.00315784
86.675	0.00315416
86.7	0.00315049
86.725	0.00314683
86.75	0.00314316
86.775	0.00313951
86.8	0.00313585
86.825	0.0031322
86.85	0.00312856
86.875	0.00312492
86.9	0.00312128
86.925	0.00311765
86.95	0.00311402
86.975	0.0031104
87	0.00310678
87.025	0.00310316
87.05	0.00309955
87.075	0.00309595
87.1	0.00309234
87.125	0.00308875
87.15	0.00308515
87.175	0.00308156
87.2	0.00307798
87.225	0.0030744
87.25	0.00307082
87.275	0.00306725
87.3	0.00306368
87.325	0.00306011
87.35	0.00305655
87.375	0.003053
87.4	0.00304945
87.425	0.0030459
87.45	0.00304236
87.475	0.00303882
87.5	0.00303528
87.525	0.00303175
87.55	0.00302822
87.575	0.0030247
87.6	0.00302118
87.625	0.00301767
87.65	0.00301416
87.675	0.00301065
87.7	0.00300715
87.725	0.00300366
87.75	0.00300016
87.775	0.00299667
87.8	0.00299319
87.825	0.00298971
87.85	0.00298623
87.875	0.00298276
87.9	0.00297929
87.925	0.00297582
87.95	0.00297236
87.975	0.00296891
88	0.00296545
88.025	0.002962
88.05	0.00295856
88.075	0.00295512
88.1	0.00295168
88.125	0.00294825
88.15	0.00294482
88.175	0.0029414
88.2	0.00293798
88.225	0.00293456
88.25	0.00293115
88.275	0.00292774
88.3	0.00292434
88.325	0.00292094
88.35	0.00291754
88.375	0.00291415
88.4	0.00291076
88.425	0.00290738
88.45	0.002904
88.475	0.00290062
88.5	0.00289725
88.525	0.00289388
88.55	0.00289052
88.575	0.00288716
88.6	0.0028838
88.625	0.00288045
88.65	0.0028771
88.675	0.00287376
88.7	0.00287042
88.725	0.00286708
88.75	0.00286375
88.775	0.00286042
88.8	0.0028571
88.825	0.00285378
88.85	0.00285046
88.875	0.00284715
88.9	0.00284384
88.925	0.00284053
88.95	0.00283723
88.975	0.00283393
89	0.00283064
89.025	0.00282735
89.05	0.00282406
89.075	0.00282078
89.1	0.0028175
89.125	0.00281423
89.15	0.00281096
89.175	0.00280769
89.2	0.00280443
89.225	0.00280117
89.25	0.00279792
89.275	0.00279467
89.3	0.00279142
89.325	0.00278818
89.35	0.00278494
89.375	0.0027817
89.4	0.00277847
89.425	0.00277524
89.45	0.00277202
89.475	0.0027688
89.5	0.00276558
89.525	0.00276237
89.55	0.00275916
89.575	0.00275595
89.6	0.00275275
89.625	0.00274955
89.65	0.00274636
89.675	0.00274317
89.7	0.00273998
89.725	0.0027368
89.75	0.00273362
89.775	0.00273044
89.8	0.00272727
89.825	0.0027241
89.85	0.00272094
89.875	0.00271778
89.9	0.00271462
89.925	0.00271147
89.95	0.00270832
89.975	0.00270518
90	0.00270203
90.025	0.0026989
90.05	0.00269576
90.075	0.00269263
90.1	0.0026895
90.125	0.00268638
90.15	0.00268326
90.175	0.00268014
90.2	0.00267703
90.225	0.00267392
90.25	0.00267082
90.275	0.00266772
90.3	0.00266462
90.325	0.00266153
90.35	0.00265843
90.375	0.00265535
90.4	0.00265226
90.425	0.00264918
90.45	0.00264611
90.475	0.00264304
90.5	0.00263997
90.525	0.0026369
90.55	0.00263384
90.575	0.00263078
90.6	0.00262773
90.625	0.00262468
90.65	0.00262163
90.675	0.00261859
90.7	0.00261555
90.725	0.00261251
90.75	0.00260948
90.775	0.00260645
90.8	0.00260342
90.825	0.0026004
90.85	0.00259738
90.875	0.00259437
90.9	0.00259136
90.925	0.00258835
90.95	0.00258534
90.975	0.00258234
91	0.00257935
91.025	0.00257635
91.05	0.00257336
91.075	0.00257037
91.1	0.00256739
91.125	0.00256441
91.15	0.00256144
91.175	0.00255846
91.2	0.00255549
91.225	0.00255253
91.25	0.00254957
91.275	0.00254661
91.3	0.00254365
91.325	0.0025407
91.35	0.00253775
91.375	0.00253481
91.4	0.00253186
91.425	0.00252893
91.45	0.00252599
91.475	0.00252306
91.5	0.00252013
91.525	0.00251721
91.55	0.00251429
91.575	0.00251137
91.6	0.00250846
91.625	0.00250555
91.65	0.00250264
91.675	0.00249974
91.7	0.00249684
91.725	0.00249394
91.75	0.00249105
91.775	0.00248816
91.8	0.00248527
91.825	0.00248239
91.85	0.00247951
91.875	0.00247663
91.9	0.00247376
91.925	0.00247089
91.95	0.00246802
91.975	0.00246516
92	0.0024623
92.025	0.00245944
92.05	0.00245659
92.075	0.00245374
92.1	0.00245089
92.125	0.00244805
92.15	0.00244521
92.175	0.00244237
92.2	0.00243954
92.225	0.00243671
92.25	0.00243389
92.275	0.00243106
92.3	0.00242824
92.325	0.00242543
92.35	0.00242261
92.375	0.0024198
92.4	0.002417
92.425	0.0024142
92.45	0.0024114
92.475	0.0024086
92.5	0.00240581
92.525	0.00240302
92.55	0.00240023
92.575	0.00239745
92.6	0.00239467
92.625	0.00239189
92.65	0.00238912
92.675	0.00238635
92.7	0.00238358
92.725	0.00238082
92.75	0.00237805
92.775	0.0023753
92.8	0.00237254
92.825	0.00236979
92.85	0.00236705
92.875	0.0023643
92.9	0.00236156
92.925	0.00235882
92.95	0.00235609
92.975	0.00235336
93	0.00235063
93.025	0.0023479
93.05	0.00234518
93.075	0.00234246
93.1	0.00233975
93.125	0.00233703
93.15	0.00233432
93.175	0.00233162
93.2	0.00232892
93.225	0.00232622
93.25	0.00232352
93.275	0.00232083
93.3	0.00231814
93.325	0.00231545
93.35	0.00231277
93.375	0.00231009
93.4	0.00230741
93.425	0.00230473
93.45	0.00230206
93.475	0.00229939
93.5	0.00229673
93.525	0.00229407
93.55	0.00229141
93.575	0.00228875
93.6	0.0022861
93.625	0.00228345
93.65	0.00228081
93.675	0.00227816
93.7	0.00227552
93.725	0.00227289
93.75	0.00227025
93.775	0.00226762
93.8	0.00226499
93.825	0.00226237
93.85	0.00225975
93.875	0.00225713
93.9	0.00225451
93.925	0.0022519
93.95	0.00224929
93.975	0.00224669
94	0.00224408
94.025	0.00224148
94.05	0.00223889
94.075	0.00223629
94.1	0.0022337
94.125	0.00223111
94.15	0.00222853
94.175	0.00222595
94.2	0.00222337
94.225	0.00222079
94.25	0.00221822
94.275	0.00221565
94.3	0.00221308
94.325	0.00221052
94.35	0.00220796
94.375	0.0022054
94.4	0.00220285
94.425	0.0022003
94.45	0.00219775
94.475	0.0021952
94.5	0.00219266
94.525	0.00219012
94.55	0.00218758
94.575	0.00218505
94.6	0.00218252
94.625	0.00217999
94.65	0.00217747
94.675	0.00217494
94.7	0.00217242
94.725	0.00216991
94.75	0.0021674
94.775	0.00216489
94.8	0.00216238
94.825	0.00215987
94.85	0.00215737
94.875	0.00215487
94.9	0.00215238
94.925	0.00214989
94.95	0.0021474
94.975	0.00214491
95	0.00214243
95.025	0.00213995
95.05	0.00213747
95.075	0.00213499
95.1	0.00213252
95.125	0.00213005
95.15	0.00212759
95.175	0.00212512
95.2	0.00212266
95.225	0.0021202
95.25	0.00211775
95.275	0.0021153
95.3	0.00211285
95.325	0.0021104
95.35	0.00210796
95.375	0.00210552
95.4	0.00210308
95.425	0.00210065
95.45	0.00209821
95.475	0.00209579
95.5	0.00209336
95.525	0.00209094
95.55	0.00208852
95.575	0.0020861
95.6	0.00208368
95.625	0.00208127
95.65	0.00207886
95.675	0.00207646
95.7	0.00207405
95.725	0.00207165
95.75	0.00206925
95.775	0.00206686
95.8	0.00206447
95.825	0.00206208
95.85	0.00205969
95.875	0.00205731
95.9	0.00205493
95.925	0.00205255
95.95	0.00205017
95.975	0.0020478
96	0.00204543
96.025	0.00204306
96.05	0.0020407
96.075	0.00203834
96.1	0.00203598
96.125	0.00203362
96.15	0.00203127
96.175	0.00202892
96.2	0.00202657
96.225	0.00202423
96.25	0.00202188
96.275	0.00201954
96.3	0.00201721
96.325	0.00201487
96.35	0.00201254
96.375	0.00201021
96.4	0.00200789
96.425	0.00200556
96.45	0.00200324
96.475	0.00200093
96.5	0.00199861
96.525	0.0019963
96.55	0.00199399
96.575	0.00199168
96.6	0.00198938
96.625	0.00198708
96.65	0.00198478
96.675	0.00198248
96.7	0.00198019
96.725	0.0019779
96.75	0.00197561
96.775	0.00197332
96.8	0.00197104
96.825	0.00196876
96.85	0.00196648
96.875	0.00196421
96.9	0.00196194
96.925	0.00195967
96.95	0.0019574
96.975	0.00195514
97	0.00195288
97.025	0.00195062
97.05	0.00194836
97.075	0.00194611
97.1	0.00194386
97.125	0.00194161
97.15	0.00193936
97.175	0.00193712
97.2	0.00193488
97.225	0.00193264
97.25	0.00193041
97.275	0.00192818
97.3	0.00192595
97.325	0.00192372
97.35	0.00192149
97.375	0.00191927
97.4	0.00191705
97.425	0.00191484
97.45	0.00191262
97.475	0.00191041
97.5	0.0019082
97.525	0.001906
97.55	0.00190379
97.575	0.00190159
97.6	0.00189939
97.625	0.0018972
97.65	0.001895
97.675	0.00189281
97.7	0.00189062
97.725	0.00188844
97.75	0.00188625
97.775	0.00188407
97.8	0.00188189
97.825	0.00187972
97.85	0.00187755
97.875	0.00187537
97.9	0.00187321
97.925	0.00187104
97.95	0.00186888
97.975	0.00186672
98	0.00186456
98.025	0.0018624
98.05	0.00186025
98.075	0.0018581
98.1	0.00185595
98.125	0.00185381
98.15	0.00185167
98.175	0.00184953
98.2	0.00184739
98.225	0.00184525
98.25	0.00184312
98.275	0.00184099
98.3	0.00183886
98.325	0.00183674
98.35	0.00183461
98.375	0.00183249
98.4	0.00183038
98.425	0.00182826
98.45	0.00182615
98.475	0.00182404
98.5	0.00182193
98.525	0.00181982
98.55	0.00181772
98.575	0.00181562
98.6	0.00181352
98.625	0.00181143
98.65	0.00180933
98.675	0.00180724
98.7	0.00180515
98.725	0.00180307
98.75	0.00180098
98.775	0.0017989
98.8	0.00179682
98.825	0.00179475
98.85	0.00179268
98.875	0.0017906
98.9	0.00178853
98.925	0.00178647
98.95	0.0017844
98.975	0.00178234
99	0.00178028
99.025	0.00177823
99.05	0.00177617
99.075	0.00177412
99.1	0.00177207
99.125	0.00177002
99.15	0.00176798
99.175	0.00176594
99.2	0.0017639
99.225	0.00176186
99.25	0.00175982
99.275	0.00175779
99.3	0.00175576
99.325	0.00175373
99.35	0.00175171
99.375	0.00174968
99.4	0.00174766
99.425	0.00174564
99.45	0.00174363
99.475	0.00174161
99.5	0.0017396
99.525	0.00173759
99.55	0.00173559
99.575	0.00173358
99.6	0.00173158
99.625	0.00172958
99.65	0.00172758
99.675	0.00172559
99.7	0.00172359
99.725	0.0017216
99.75	0.00171961
99.775	0.00171763
99.8	0.00171564
99.825	0.00171366
99.85	0.00171168
99.875	0.00170971
99.9	0.00170773
99.925	0.00170576
99.95	0.00170379
99.975	0.00170182
100	0.00169986
