label:apic[47].v(0.83)
4001
0	0
0.025	0
0.05	0
0.075	0
0.1	0
0.125	0
0.15	0
0.175	0
0.2	0
0.225	0
0.25	0
0.275	0
0.3	0
0.325	0
0.35	0
0.375	0
0.4	0
0.425	0
0.45	0
0.475	0
0.5	0
0.525	0
0.55	0
0.575	0
0.6	0
0.625	0
0.65	0
0.675	0
0.7	0
0.725	0
0.75	0
0.775	0
0.8	0
0.825	0
0.85	0
0.875	0
0.9	0
0.925	0
0.95	0
0.975	0
1	0
1.025	0
1.05	0.0947422
1.075	0.253202
1.1	0.454204
1.125	0.683193
1.15	0.930091
1.175	1.18786
1.2	1.45156
1.225	1.71767
1.25	1.98369
1.275	2.24782
1.3	2.50877
1.325	2.76562
1.35	3.01769
1.375	3.26451
1.4	3.50575
1.425	3.74119
1.45	3.9707
1.475	4.19421
1.5	4.4117
1.525	4.62317
1.55	4.82868
1.575	5.02829
1.6	5.22208
1.625	5.41016
1.65	5.59264
1.675	5.76964
1.7	5.94127
1.725	6.10767
1.75	6.26896
1.775	6.42529
1.8	6.57677
1.825	6.72354
1.85	6.86573
1.875	7.00346
1.9	7.13688
1.925	7.26609
1.95	7.39122
1.975	7.5124
2	7.62973
2.025	7.74333
2.05	7.85331
2.075	7.95977
2.1	8.06282
2.125	8.16257
2.15	8.2591
2.175	8.35252
2.2	8.4429
2.225	8.53036
2.25	8.61495
2.275	8.69678
2.3	8.77592
2.325	8.85244
2.35	8.92643
2.375	8.99795
2.4	9.06708
2.425	9.13387
2.45	9.1984
2.475	9.26072
2.5	9.32091
2.525	9.37901
2.55	9.43508
2.575	9.48918
2.6	9.54136
2.625	9.59167
2.65	9.64016
2.675	9.68688
2.7	9.73187
2.725	9.77517
2.75	9.81684
2.775	9.85691
2.8	9.89541
2.825	9.9324
2.85	9.96791
2.875	10.002
2.9	10.0346
2.925	10.0659
2.95	10.0958
2.975	10.1244
3	10.1517
3.025	10.1778
3.05	10.2027
3.075	10.2263
3.1	10.2488
3.125	10.2702
3.15	10.2904
3.175	10.3096
3.2	10.3276
3.225	10.3447
3.25	10.3607
3.275	10.3757
3.3	10.3898
3.325	10.4028
3.35	10.415
3.375	10.4262
3.4	10.4366
3.425	10.4461
3.45	10.4547
3.475	10.4624
3.5	10.4694
3.525	10.4755
3.55	10.4809
3.575	10.4854
3.6	10.4893
3.625	10.4923
3.65	10.4947
3.675	10.4963
3.7	10.4973
3.725	10.4975
3.75	10.4971
3.775	10.4961
3.8	10.4943
3.825	10.492
3.85	10.489
3.875	10.4855
3.9	10.4813
3.925	10.4765
3.95	10.4712
3.975	10.4653
4	10.4589
4.025	10.4519
4.05	10.4444
4.075	10.4364
4.1	10.4279
4.125	10.4188
4.15	10.4093
4.175	10.3993
4.2	10.3888
4.225	10.3779
4.25	10.3665
4.275	10.3547
4.3	10.3425
4.325	10.3298
4.35	10.3167
4.375	10.3031
4.4	10.2892
4.425	10.2749
4.45	10.2602
4.475	10.2452
4.5	10.2297
4.525	10.2139
4.55	10.1977
4.575	10.1812
4.6	10.1643
4.625	10.1472
4.65	10.1296
4.675	10.1118
4.7	10.0936
4.725	10.0751
4.75	10.0564
4.775	10.0373
4.8	10.0179
4.825	9.99827
4.85	9.97833
4.875	9.95813
4.9	9.93765
4.925	9.91692
4.95	9.89593
4.975	9.87468
5	9.85319
5.025	9.83146
5.05	9.80949
5.075	9.7873
5.1	9.76487
5.125	9.74223
5.15	9.71937
5.175	9.6963
5.2	9.67302
5.225	9.64955
5.25	9.62587
5.275	9.60201
5.3	9.57795
5.325	9.55371
5.35	9.52929
5.375	9.5047
5.4	9.47994
5.425	9.45501
5.45	9.42992
5.475	9.40466
5.5	9.37926
5.525	9.3537
5.55	9.328
5.575	9.30215
5.6	9.27617
5.625	9.25005
5.65	9.2238
5.675	9.19741
5.7	9.17091
5.725	9.14428
5.75	9.11753
5.775	9.09067
5.8	9.0637
5.825	9.03662
5.85	9.00944
5.875	8.98215
5.9	8.95477
5.925	8.92729
5.95	8.89972
5.975	8.87206
6	8.84431
6.025	8.81648
6.05	8.78856
6.075	8.76057
6.1	8.73251
6.125	8.70437
6.15	8.67617
6.175	8.64789
6.2	8.61956
6.225	8.59116
6.25	8.5627
6.275	8.53418
6.3	8.50562
6.325	8.477
6.35	8.44833
6.375	8.41961
6.4	8.39085
6.425	8.36205
6.45	8.33321
6.475	8.30433
6.5	8.27541
6.525	8.24646
6.55	8.21749
6.575	8.18848
6.6	8.15944
6.625	8.13038
6.65	8.1013
6.675	8.0722
6.7	8.04308
6.725	8.01394
6.75	7.98478
6.775	7.95562
6.8	7.92644
6.825	7.89725
6.85	7.86806
6.875	7.83886
6.9	7.80965
6.925	7.78045
6.95	7.75124
6.975	7.72203
7	7.69283
7.025	7.66363
7.05	7.63444
7.075	7.60525
7.1	7.57607
7.125	7.54691
7.15	7.51775
7.175	7.48861
7.2	7.45949
7.225	7.43038
7.25	7.40128
7.275	7.37221
7.3	7.34316
7.325	7.31413
7.35	7.28512
7.375	7.25614
7.4	7.22718
7.425	7.19825
7.45	7.16935
7.475	7.14047
7.5	7.11163
7.525	7.08282
7.55	7.05404
7.575	7.0253
7.6	6.99659
7.625	6.96792
7.65	6.93928
7.675	6.91069
7.7	6.88213
7.725	6.85361
7.75	6.82514
7.775	6.7967
7.8	6.76831
7.825	6.73997
7.85	6.71167
7.875	6.68341
7.9	6.65521
7.925	6.62705
7.95	6.59894
7.975	6.57088
8	6.54287
8.025	6.51491
8.05	6.48701
8.075	6.45915
8.1	6.43135
8.125	6.40361
8.15	6.37592
8.175	6.34829
8.2	6.32071
8.225	6.29319
8.25	6.26573
8.275	6.23833
8.3	6.21099
8.325	6.18371
8.35	6.15649
8.375	6.12933
8.4	6.10223
8.425	6.07519
8.45	6.04822
8.475	6.02131
8.5	5.99447
8.525	5.96769
8.55	5.94098
8.575	5.91433
8.6	5.88775
8.625	5.86124
8.65	5.83479
8.675	5.80841
8.7	5.7821
8.725	5.75586
8.75	5.72969
8.775	5.70359
8.8	5.67756
8.825	5.6516
8.85	5.62571
8.875	5.59989
8.9	5.57415
8.925	5.54847
8.95	5.52287
8.975	5.49735
9	5.47189
9.025	5.44651
9.05	5.42121
9.075	5.39597
9.1	5.37082
9.125	5.34573
9.15	5.32073
9.175	5.2958
9.2	5.27094
9.225	5.24616
9.25	5.22146
9.275	5.19683
9.3	5.17228
9.325	5.14781
9.35	5.12342
9.375	5.0991
9.4	5.07486
9.425	5.0507
9.45	5.02662
9.475	5.00261
9.5	4.97869
9.525	4.95484
9.55	4.93107
9.575	4.90738
9.6	4.88378
9.625	4.86025
9.65	4.8368
9.675	4.81342
9.7	4.79013
9.725	4.76692
9.75	4.74379
9.775	4.72074
9.8	4.69777
9.825	4.67488
9.85	4.65207
9.875	4.62935
9.9	4.6067
9.925	4.58413
9.95	4.56165
9.975	4.53924
10	4.51692
10.025	4.49467
10.05	4.47251
10.075	4.45043
10.1	4.42843
10.125	4.40651
10.15	4.38468
10.175	4.36292
10.2	4.34125
10.225	4.31965
10.25	4.29814
10.275	4.27671
10.3	4.25536
10.325	4.23409
10.35	4.21291
10.375	4.1918
10.4	4.17078
10.425	4.14984
10.45	4.12897
10.475	4.10819
10.5	4.08749
10.525	4.06688
10.55	4.04634
10.575	4.02588
10.6	4.00551
10.625	3.98522
10.65	3.965
10.675	3.94487
10.7	3.92482
10.725	3.90485
10.75	3.88496
10.775	3.86515
10.8	3.84542
10.825	3.82577
10.85	3.8062
10.875	3.78671
10.9	3.7673
10.925	3.74798
10.95	3.72873
10.975	3.70956
11	3.69047
11.025	3.67146
11.05	3.65253
11.075	3.63368
11.1	3.61491
11.125	3.59622
11.15	3.5776
11.175	3.55907
11.2	3.54062
11.225	3.52224
11.25	3.50394
11.275	3.48572
11.3	3.46758
11.325	3.44952
11.35	3.43153
11.375	3.41362
11.4	3.39579
11.425	3.37804
11.45	3.36036
11.475	3.34277
11.5	3.32525
11.525	3.3078
11.55	3.29043
11.575	3.27314
11.6	3.25593
11.625	3.23879
11.65	3.22173
11.675	3.20474
11.7	3.18783
11.725	3.171
11.75	3.15424
11.775	3.13756
11.8	3.12095
11.825	3.10441
11.85	3.08795
11.875	3.07157
11.9	3.05526
11.925	3.03902
11.95	3.02286
11.975	3.00677
12	2.99076
12.025	2.97481
12.05	2.95895
12.075	2.94315
12.1	2.92743
12.125	2.91178
12.15	2.8962
12.175	2.8807
12.2	2.86526
12.225	2.8499
12.25	2.83461
12.275	2.81939
12.3	2.80424
12.325	2.78917
12.35	2.77416
12.375	2.75923
12.4	2.74436
12.425	2.72957
12.45	2.71485
12.475	2.70019
12.5	2.68561
12.525	2.67109
12.55	2.65664
12.575	2.64227
12.6	2.62796
12.625	2.61372
12.65	2.59955
12.675	2.58544
12.7	2.57141
12.725	2.55744
12.75	2.54354
12.775	2.5297
12.8	2.51594
12.825	2.50224
12.85	2.4886
12.875	2.47504
12.9	2.46153
12.925	2.4481
12.95	2.43473
12.975	2.42143
13	2.40819
13.025	2.39501
13.05	2.3819
13.075	2.36886
13.1	2.35588
13.125	2.34296
13.15	2.33011
13.175	2.31732
13.2	2.3046
13.225	2.29193
13.25	2.27933
13.275	2.2668
13.3	2.25432
13.325	2.24191
13.35	2.22956
13.375	2.21727
13.4	2.20505
13.425	2.19288
13.45	2.18078
13.475	2.16874
13.5	2.15675
13.525	2.14483
13.55	2.13297
13.575	2.12117
13.6	2.10943
13.625	2.09775
13.65	2.08612
13.675	2.07456
13.7	2.06306
13.725	2.05161
13.75	2.04022
13.775	2.02889
13.8	2.01762
13.825	2.00641
13.85	1.99525
13.875	1.98415
13.9	1.97311
13.925	1.96213
13.95	1.9512
13.975	1.94032
14	1.92951
14.025	1.91875
14.05	1.90804
14.075	1.8974
14.1	1.8868
14.125	1.87626
14.15	1.86578
14.175	1.85535
14.2	1.84498
14.225	1.83465
14.25	1.82439
14.275	1.81417
14.3	1.80401
14.325	1.79391
14.35	1.78385
14.375	1.77385
14.4	1.76391
14.425	1.75401
14.45	1.74417
14.475	1.73437
14.5	1.72463
14.525	1.71495
14.55	1.70531
14.575	1.69572
14.6	1.68619
14.625	1.6767
14.65	1.66727
14.675	1.65788
14.7	1.64855
14.725	1.63926
14.75	1.63003
14.775	1.62084
14.8	1.6117
14.825	1.60262
14.85	1.59358
14.875	1.58458
14.9	1.57564
14.925	1.56675
14.95	1.5579
14.975	1.5491
15	1.54035
15.025	1.53164
15.05	1.52298
15.075	1.51437
15.1	1.50581
15.125	1.49729
15.15	1.48881
15.175	1.48039
15.2	1.472
15.225	1.46367
15.25	1.45538
15.275	1.44713
15.3	1.43893
15.325	1.43078
15.35	1.42266
15.375	1.4146
15.4	1.40657
15.425	1.39859
15.45	1.39066
15.475	1.38276
15.5	1.37491
15.525	1.36711
15.55	1.35934
15.575	1.35162
15.6	1.34394
15.625	1.3363
15.65	1.32871
15.675	1.32116
15.7	1.31365
15.725	1.30618
15.75	1.29875
15.775	1.29136
15.8	1.28401
15.825	1.27671
15.85	1.26944
15.875	1.26221
15.9	1.25503
15.925	1.24788
15.95	1.24077
15.975	1.23371
16	1.22668
16.025	1.21969
16.05	1.21274
16.075	1.20583
16.1	1.19896
16.125	1.19212
16.15	1.18533
16.175	1.17857
16.2	1.17185
16.225	1.16517
16.25	1.15852
16.275	1.15191
16.3	1.14534
16.325	1.13881
16.35	1.13231
16.375	1.12585
16.4	1.11942
16.425	1.11303
16.45	1.10668
16.475	1.10036
16.5	1.09408
16.525	1.08784
16.55	1.08162
16.575	1.07545
16.6	1.06931
16.625	1.0632
16.65	1.05713
16.675	1.05109
16.7	1.04509
16.725	1.03912
16.75	1.03318
16.775	1.02728
16.8	1.02141
16.825	1.01558
16.85	1.00977
16.875	1.00401
16.9	0.998269
16.925	0.992565
16.95	0.986894
16.975	0.981255
17	0.975648
17.025	0.970073
17.05	0.96453
17.075	0.959019
17.1	0.953539
17.125	0.948091
17.15	0.942673
17.175	0.937287
17.2	0.931931
17.225	0.926606
17.25	0.921312
17.275	0.916048
17.3	0.910814
17.325	0.90561
17.35	0.900436
17.375	0.895292
17.4	0.890178
17.425	0.885092
17.45	0.880036
17.475	0.87501
17.5	0.870012
17.525	0.865043
17.55	0.860102
17.575	0.855191
17.6	0.850307
17.625	0.845452
17.65	0.840624
17.675	0.835825
17.7	0.831053
17.725	0.826309
17.75	0.821593
17.775	0.816904
17.8	0.812242
17.825	0.807607
17.85	0.802998
17.875	0.798417
17.9	0.793862
17.925	0.789334
17.95	0.784832
17.975	0.780356
18	0.775906
18.025	0.771482
18.05	0.767084
18.075	0.762711
18.1	0.758364
18.125	0.754043
18.15	0.749746
18.175	0.745475
18.2	0.741228
18.225	0.737006
18.25	0.732809
18.275	0.728637
18.3	0.724489
18.325	0.720365
18.35	0.716265
18.375	0.712189
18.4	0.708137
18.425	0.704109
18.45	0.700105
18.475	0.696123
18.5	0.692166
18.525	0.688231
18.55	0.68432
18.575	0.680431
18.6	0.676566
18.625	0.672723
18.65	0.668903
18.675	0.665105
18.7	0.66133
18.725	0.657576
18.75	0.653845
18.775	0.650136
18.8	0.646449
18.825	0.642783
18.85	0.639139
18.875	0.635517
18.9	0.631916
18.925	0.628336
18.95	0.624777
18.975	0.62124
19	0.617723
19.025	0.614227
19.05	0.610752
19.075	0.607297
19.1	0.603863
19.125	0.600449
19.15	0.597055
19.175	0.593682
19.2	0.590328
19.225	0.586994
19.25	0.58368
19.275	0.580386
19.3	0.577111
19.325	0.573856
19.35	0.57062
19.375	0.567403
19.4	0.564206
19.425	0.561027
19.45	0.557867
19.475	0.554726
19.5	0.551604
19.525	0.5485
19.55	0.545415
19.575	0.542348
19.6	0.5393
19.625	0.536269
19.65	0.533257
19.675	0.530262
19.7	0.527286
19.725	0.524327
19.75	0.521386
19.775	0.518462
19.8	0.515556
19.825	0.512667
19.85	0.509796
19.875	0.506941
19.9	0.504104
19.925	0.501284
19.95	0.49848
19.975	0.495693
20	0.492923
20.025	0.49017
20.05	0.487433
20.075	0.484712
20.1	0.482008
20.125	0.47932
20.15	0.476648
20.175	0.473992
20.2	0.471352
20.225	0.468727
20.25	0.466119
20.275	0.463526
20.3	0.460948
20.325	0.458387
20.35	0.45584
20.375	0.453309
20.4	0.450793
20.425	0.448292
20.45	0.445806
20.475	0.443335
20.5	0.440879
20.525	0.438438
20.55	0.436011
20.575	0.433599
20.6	0.431202
20.625	0.428818
20.65	0.42645
20.675	0.424095
20.7	0.421755
20.725	0.419429
20.75	0.417116
20.775	0.414818
20.8	0.412534
20.825	0.410263
20.85	0.408006
20.875	0.405763
20.9	0.403533
20.925	0.401316
20.95	0.399113
20.975	0.396923
21	0.394747
21.025	0.392583
21.05	0.390433
21.075	0.388296
21.1	0.386171
21.125	0.38406
21.15	0.381961
21.175	0.379874
21.2	0.377801
21.225	0.37574
21.25	0.373691
21.275	0.371655
21.3	0.369631
21.325	0.367619
21.35	0.36562
21.375	0.363632
21.4	0.361657
21.425	0.359693
21.45	0.357742
21.475	0.355802
21.5	0.353874
21.525	0.351958
21.55	0.350053
21.575	0.34816
21.6	0.346278
21.625	0.344408
21.65	0.342549
21.675	0.340701
21.7	0.338864
21.725	0.337039
21.75	0.335224
21.775	0.333421
21.8	0.331628
21.825	0.329847
21.85	0.328076
21.875	0.326316
21.9	0.324566
21.925	0.322828
21.95	0.321099
21.975	0.319382
22	0.317674
22.025	0.315977
22.05	0.314291
22.075	0.312614
22.1	0.310948
22.125	0.309292
22.15	0.307645
22.175	0.306009
22.2	0.304383
22.225	0.302767
22.25	0.30116
22.275	0.299563
22.3	0.297976
22.325	0.296399
22.35	0.294831
22.375	0.293273
22.4	0.291724
22.425	0.290184
22.45	0.288654
22.475	0.287133
22.5	0.285622
22.525	0.284119
22.55	0.282626
22.575	0.281142
22.6	0.279667
22.625	0.2782
22.65	0.276743
22.675	0.275294
22.7	0.273855
22.725	0.272424
22.75	0.271002
22.775	0.269588
22.8	0.268183
22.825	0.266786
22.85	0.265398
22.875	0.264019
22.9	0.262648
22.925	0.261285
22.95	0.25993
22.975	0.258584
23	0.257246
23.025	0.255916
23.05	0.254594
23.075	0.25328
23.1	0.251974
23.125	0.250676
23.15	0.249386
23.175	0.248104
23.2	0.246829
23.225	0.245562
23.25	0.244303
23.275	0.243052
23.3	0.241808
23.325	0.240572
23.35	0.239343
23.375	0.238122
23.4	0.236908
23.425	0.235702
23.45	0.234503
23.475	0.233311
23.5	0.232126
23.525	0.230949
23.55	0.229779
23.575	0.228615
23.6	0.227459
23.625	0.22631
23.65	0.225168
23.675	0.224033
23.7	0.222905
23.725	0.221783
23.75	0.220669
23.775	0.219561
23.8	0.21846
23.825	0.217366
23.85	0.216278
23.875	0.215197
23.9	0.214122
23.925	0.213054
23.95	0.211992
23.975	0.210937
24	0.209888
24.025	0.208846
24.05	0.20781
24.075	0.20678
24.1	0.205756
24.125	0.204739
24.15	0.203728
24.175	0.202723
24.2	0.201724
24.225	0.200731
24.25	0.199744
24.275	0.198763
24.3	0.197788
24.325	0.196819
24.35	0.195856
24.375	0.194899
24.4	0.193947
24.425	0.193001
24.45	0.192061
24.475	0.191127
24.5	0.190198
24.525	0.189275
24.55	0.188358
24.575	0.187446
24.6	0.186539
24.625	0.185638
24.65	0.184743
24.675	0.183853
24.7	0.182968
24.725	0.182089
24.75	0.181214
24.775	0.180346
24.8	0.179482
24.825	0.178624
24.85	0.177771
24.875	0.176923
24.9	0.17608
24.925	0.175242
24.95	0.17441
24.975	0.173582
25	0.172759
25.025	0.171941
25.05	0.171129
25.075	0.170321
25.1	0.169518
25.125	0.16872
25.15	0.167926
25.175	0.167138
25.2	0.166354
25.225	0.165575
25.25	0.1648
25.275	0.164031
25.3	0.163265
25.325	0.162505
25.35	0.161749
25.375	0.160998
25.4	0.160251
25.425	0.159508
25.45	0.15877
25.475	0.158037
25.5	0.157308
25.525	0.156583
25.55	0.155863
25.575	0.155147
25.6	0.154435
25.625	0.153728
25.65	0.153025
25.675	0.152326
25.7	0.151631
25.725	0.15094
25.75	0.150254
25.775	0.149571
25.8	0.148893
25.825	0.148219
25.85	0.147549
25.875	0.146882
25.9	0.14622
25.925	0.145562
25.95	0.144908
25.975	0.144257
26	0.143611
26.025	0.142968
26.05	0.142329
26.075	0.141694
26.1	0.141063
26.125	0.140436
26.15	0.139812
26.175	0.139192
26.2	0.138576
26.225	0.137963
26.25	0.137354
26.275	0.136749
26.3	0.136147
26.325	0.135549
26.35	0.134955
26.375	0.134364
26.4	0.133776
26.425	0.133192
26.45	0.132612
26.475	0.132035
26.5	0.131461
26.525	0.130891
26.55	0.130324
26.575	0.12976
26.6	0.1292
26.625	0.128643
26.65	0.12809
26.675	0.127539
26.7	0.126992
26.725	0.126449
26.75	0.125908
26.775	0.125371
26.8	0.124836
26.825	0.124305
26.85	0.123778
26.875	0.123253
26.9	0.122731
26.925	0.122213
26.95	0.121697
26.975	0.121184
27	0.120675
27.025	0.120169
27.05	0.119665
27.075	0.119165
27.1	0.118667
27.125	0.118172
27.15	0.117681
27.175	0.117192
27.2	0.116706
27.225	0.116223
27.25	0.115742
27.275	0.115265
27.3	0.11479
27.325	0.114318
27.35	0.113849
27.375	0.113383
27.4	0.112919
27.425	0.112458
27.45	0.112
27.475	0.111544
27.5	0.111091
27.525	0.110641
27.55	0.110193
27.575	0.109748
27.6	0.109306
27.625	0.108866
27.65	0.108429
27.675	0.107994
27.7	0.107562
27.725	0.107132
27.75	0.106705
27.775	0.10628
27.8	0.105858
27.825	0.105438
27.85	0.105021
27.875	0.104606
27.9	0.104193
27.925	0.103783
27.95	0.103375
27.975	0.10297
28	0.102567
28.025	0.102166
28.05	0.101768
28.075	0.101371
28.1	0.100978
28.125	0.100586
28.15	0.100197
28.175	0.0998096
28.2	0.0994247
28.225	0.0990421
28.25	0.0986616
28.275	0.0982834
28.3	0.0979073
28.325	0.0975334
28.35	0.0971616
28.375	0.096792
28.4	0.0964244
28.425	0.096059
28.45	0.0956957
28.475	0.0953344
28.5	0.0949752
28.525	0.0946181
28.55	0.094263
28.575	0.0939099
28.6	0.0935588
28.625	0.0932098
28.65	0.0928627
28.675	0.0925176
28.7	0.0921744
28.725	0.0918332
28.75	0.091494
28.775	0.0911567
28.8	0.0908213
28.825	0.0904877
28.85	0.0901561
28.875	0.0898264
28.9	0.0894985
28.925	0.0891725
28.95	0.0888483
28.975	0.0885259
29	0.0882054
29.025	0.0878866
29.05	0.0875697
29.075	0.0872545
29.1	0.0869412
29.125	0.0866295
29.15	0.0863197
29.175	0.0860115
29.2	0.0857051
29.225	0.0854004
29.25	0.0850975
29.275	0.0847962
29.3	0.0844966
29.325	0.0841987
29.35	0.0839024
29.375	0.0836078
29.4	0.0833148
29.425	0.0830235
29.45	0.0827338
29.475	0.0824457
29.5	0.0821592
29.525	0.0818743
29.55	0.0815909
29.575	0.0813092
29.6	0.081029
29.625	0.0807503
29.65	0.0804732
29.675	0.0801976
29.7	0.0799236
29.725	0.0796511
29.75	0.07938
29.775	0.0791105
29.8	0.0788424
29.825	0.0785758
29.85	0.0783107
29.875	0.078047
29.9	0.0777848
29.925	0.077524
29.95	0.0772647
29.975	0.0770067
30	0.0767502
30.025	0.0764951
30.05	0.0762414
30.075	0.075989
30.1	0.0757381
30.125	0.0754884
30.15	0.0752402
30.175	0.0749933
30.2	0.0747477
30.225	0.0745035
30.25	0.0742606
30.275	0.074019
30.3	0.0737787
30.325	0.0735398
30.35	0.0733021
30.375	0.0730657
30.4	0.0728305
30.425	0.0725966
30.45	0.072364
30.475	0.0721327
30.5	0.0719026
30.525	0.0716737
30.55	0.071446
30.575	0.0712196
30.6	0.0709943
30.625	0.0707703
30.65	0.0705475
30.675	0.0703258
30.7	0.0701054
30.725	0.0698861
30.75	0.069668
30.775	0.069451
30.8	0.0692352
30.825	0.0690205
30.85	0.068807
30.875	0.0685946
30.9	0.0683833
30.925	0.0681731
30.95	0.0679641
30.975	0.0677561
31	0.0675493
31.025	0.0673435
31.05	0.0671388
31.075	0.0669352
31.1	0.0667326
31.125	0.0665312
31.15	0.0663307
31.175	0.0661313
31.2	0.065933
31.225	0.0657357
31.25	0.0655394
31.275	0.0653441
31.3	0.0651499
31.325	0.0649566
31.35	0.0647644
31.375	0.0645731
31.4	0.0643829
31.425	0.0641936
31.45	0.0640053
31.475	0.063818
31.5	0.0636316
31.525	0.0634462
31.55	0.0632617
31.575	0.0630782
31.6	0.0628957
31.625	0.062714
31.65	0.0625333
31.675	0.0623536
31.7	0.0621747
31.725	0.0619968
31.75	0.0618197
31.775	0.0616436
31.8	0.0614683
31.825	0.061294
31.85	0.0611205
31.875	0.0609479
31.9	0.0607761
31.925	0.0606053
31.95	0.0604353
31.975	0.0602661
32	0.0600979
32.025	0.0599304
32.05	0.0597638
32.075	0.059598
32.1	0.0594331
32.125	0.059269
32.15	0.0591057
32.175	0.0589432
32.2	0.0587815
32.225	0.0586206
32.25	0.0584605
32.275	0.0583013
32.3	0.0581428
32.325	0.0579851
32.35	0.0578281
32.375	0.057672
32.4	0.0575166
32.425	0.057362
32.45	0.0572081
32.475	0.057055
32.5	0.0569027
32.525	0.056751
32.55	0.0566002
32.575	0.05645
32.6	0.0563006
32.625	0.056152
32.65	0.056004
32.675	0.0558568
32.7	0.0557103
32.725	0.0555645
32.75	0.0554194
32.775	0.055275
32.8	0.0551312
32.825	0.0549882
32.85	0.0548459
32.875	0.0547043
32.9	0.0545633
32.925	0.054423
32.95	0.0542834
32.975	0.0541444
33	0.0540061
33.025	0.0538685
33.05	0.0537315
33.075	0.0535952
33.1	0.0534595
33.125	0.0533245
33.15	0.0531901
33.175	0.0530563
33.2	0.0529232
33.225	0.0527907
33.25	0.0526588
33.275	0.0525275
33.3	0.0523968
33.325	0.0522668
33.35	0.0521374
33.375	0.0520085
33.4	0.0518803
33.425	0.0517527
33.45	0.0516256
33.475	0.0514992
33.5	0.0513733
33.525	0.051248
33.55	0.0511233
33.575	0.0509992
33.6	0.0508756
33.625	0.0507526
33.65	0.0506302
33.675	0.0505083
33.7	0.050387
33.725	0.0502662
33.75	0.050146
33.775	0.0500263
33.8	0.0499072
33.825	0.0497886
33.85	0.0496706
33.875	0.0495531
33.9	0.0494361
33.925	0.0493197
33.95	0.0492037
33.975	0.0490883
34	0.0489734
34.025	0.0488591
34.05	0.0487452
34.075	0.0486318
34.1	0.048519
34.125	0.0484066
34.15	0.0482948
34.175	0.0481834
34.2	0.0480726
34.225	0.0479622
34.25	0.0478523
34.275	0.0477429
34.3	0.047634
34.325	0.0475255
34.35	0.0474176
34.375	0.0473101
34.4	0.047203
34.425	0.0470965
34.45	0.0469904
34.475	0.0468847
34.5	0.0467796
34.525	0.0466748
34.55	0.0465706
34.575	0.0464668
34.6	0.0463634
34.625	0.0462605
34.65	0.046158
34.675	0.0460559
34.7	0.0459543
34.725	0.0458531
34.75	0.0457524
34.775	0.0456521
34.8	0.0455522
34.825	0.0454527
34.85	0.0453537
34.875	0.045255
34.9	0.0451568
34.925	0.045059
34.95	0.0449616
34.975	0.0448646
35	0.0447681
35.025	0.0446719
35.05	0.0445761
35.075	0.0444807
35.1	0.0443858
35.125	0.0442912
35.15	0.044197
35.175	0.0441032
35.2	0.0440098
35.225	0.0439167
35.25	0.0438241
35.275	0.0437318
35.3	0.0436399
35.325	0.0435484
35.35	0.0434573
35.375	0.0433665
35.4	0.0432761
35.425	0.0431861
35.45	0.0430964
35.475	0.0430071
35.5	0.0429181
35.525	0.0428296
35.55	0.0427413
35.575	0.0426534
35.6	0.0425659
35.625	0.0424787
35.65	0.0423919
35.675	0.0423054
35.7	0.0422193
35.725	0.0421335
35.75	0.042048
35.775	0.0419629
35.8	0.0418781
35.825	0.0417936
35.85	0.0417095
35.875	0.0416257
35.9	0.0415423
35.925	0.0414591
35.95	0.0413763
35.975	0.0412938
36	0.0412116
36.025	0.0411298
36.05	0.0410482
36.075	0.040967
36.1	0.0408861
36.125	0.0408055
36.15	0.0407252
36.175	0.0406452
36.2	0.0405655
36.225	0.0404861
36.25	0.0404071
36.275	0.0403283
36.3	0.0402498
36.325	0.0401716
36.35	0.0400937
36.375	0.0400162
36.4	0.0399389
36.425	0.0398618
36.45	0.0397851
36.475	0.0397087
36.5	0.0396325
36.525	0.0395567
36.55	0.0394811
36.575	0.0394058
36.6	0.0393307
36.625	0.039256
36.65	0.0391815
36.675	0.0391073
36.7	0.0390334
36.725	0.0389597
36.75	0.0388863
36.775	0.0388132
36.8	0.0387403
36.825	0.0386677
36.85	0.0385954
36.875	0.0385233
36.9	0.0384515
36.925	0.03838
36.95	0.0383087
36.975	0.0382376
37	0.0381668
37.025	0.0380963
37.05	0.038026
37.075	0.037956
37.1	0.0378862
37.125	0.0378166
37.15	0.0377473
37.175	0.0376783
37.2	0.0376095
37.225	0.0375409
37.25	0.0374726
37.275	0.0374045
37.3	0.0373367
37.325	0.037269
37.35	0.0372017
37.375	0.0371345
37.4	0.0370676
37.425	0.0370009
37.45	0.0369345
37.475	0.0368682
37.5	0.0368022
37.525	0.0367364
37.55	0.0366709
37.575	0.0366056
37.6	0.0365405
37.625	0.0364756
37.65	0.0364109
37.675	0.0363465
37.7	0.0362822
37.725	0.0362182
37.75	0.0361544
37.775	0.0360908
37.8	0.0360274
37.825	0.0359643
37.85	0.0359013
37.875	0.0358386
37.9	0.035776
37.925	0.0357137
37.95	0.0356516
37.975	0.0355896
38	0.0355279
38.025	0.0354664
38.05	0.0354051
38.075	0.035344
38.1	0.035283
38.125	0.0352223
38.15	0.0351618
38.175	0.0351015
38.2	0.0350413
38.225	0.0349814
38.25	0.0349216
38.275	0.0348621
38.3	0.0348027
38.325	0.0347435
38.35	0.0346845
38.375	0.0346257
38.4	0.0345671
38.425	0.0345086
38.45	0.0344504
38.475	0.0343923
38.5	0.0343344
38.525	0.0342767
38.55	0.0342192
38.575	0.0341619
38.6	0.0341047
38.625	0.0340477
38.65	0.0339909
38.675	0.0339342
38.7	0.0338778
38.725	0.0338215
38.75	0.0337654
38.775	0.0337094
38.8	0.0336536
38.825	0.033598
38.85	0.0335426
38.875	0.0334873
38.9	0.0334322
38.925	0.0333773
38.95	0.0333225
38.975	0.0332679
39	0.0332135
39.025	0.0331592
39.05	0.0331051
39.075	0.0330511
39.1	0.0329973
39.125	0.0329437
39.15	0.0328902
39.175	0.0328369
39.2	0.0327837
39.225	0.0327307
39.25	0.0326778
39.275	0.0326251
39.3	0.0325726
39.325	0.0325202
39.35	0.0324679
39.375	0.0324159
39.4	0.0323639
39.425	0.0323121
39.45	0.0322605
39.475	0.032209
39.5	0.0321576
39.525	0.0321064
39.55	0.0320554
39.575	0.0320045
39.6	0.0319537
39.625	0.0319031
39.65	0.0318526
39.675	0.0318023
39.7	0.0317521
39.725	0.031702
39.75	0.0316521
39.775	0.0316024
39.8	0.0315527
39.825	0.0315032
39.85	0.0314539
39.875	0.0314047
39.9	0.0313556
39.925	0.0313066
39.95	0.0312578
39.975	0.0312091
40	0.0311606
40.025	0.0311122
40.05	0.0310639
40.075	0.0310157
40.1	0.0309677
40.125	0.0309198
40.15	0.030872
40.175	0.0308244
40.2	0.0307769
40.225	0.0307295
40.25	0.0306823
40.275	0.0306351
40.3	0.0305881
40.325	0.0305413
40.35	0.0304945
40.375	0.0304479
40.4	0.0304014
40.425	0.030355
40.45	0.0303087
40.475	0.0302626
40.5	0.0302166
40.525	0.0301707
40.55	0.0301249
40.575	0.0300793
40.6	0.0300337
40.625	0.0299883
40.65	0.029943
40.675	0.0298978
40.7	0.0298527
40.725	0.0298078
40.75	0.0297629
40.775	0.0297182
40.8	0.0296736
40.825	0.0296291
40.85	0.0295847
40.875	0.0295404
40.9	0.0294962
40.925	0.0294522
40.95	0.0294083
40.975	0.0293644
41	0.0293207
41.025	0.0292771
41.05	0.0292336
41.075	0.0291902
41.1	0.0291469
41.125	0.0291037
41.15	0.0290606
41.175	0.0290177
41.2	0.0289748
41.225	0.0289321
41.25	0.0288894
41.275	0.0288469
41.3	0.0288044
41.325	0.0287621
41.35	0.0287198
41.375	0.0286777
41.4	0.0286357
41.425	0.0285937
41.45	0.0285519
41.475	0.0285101
41.5	0.0284685
41.525	0.028427
41.55	0.0283855
41.575	0.0283442
41.6	0.028303
41.625	0.0282618
41.65	0.0282208
41.675	0.0281798
41.7	0.028139
41.725	0.0280982
41.75	0.0280576
41.775	0.028017
41.8	0.0279766
41.825	0.0279362
41.85	0.0278959
41.875	0.0278557
41.9	0.0278156
41.925	0.0277756
41.95	0.0277357
41.975	0.0276959
42	0.0276562
42.025	0.0276165
42.05	0.027577
42.075	0.0275375
42.1	0.0274982
42.125	0.0274589
42.15	0.0274197
42.175	0.0273806
42.2	0.0273416
42.225	0.0273027
42.25	0.0272638
42.275	0.0272251
42.3	0.0271864
42.325	0.0271479
42.35	0.0271094
42.375	0.027071
42.4	0.0270327
42.425	0.0269944
42.45	0.0269563
42.475	0.0269182
42.5	0.0268802
42.525	0.0268423
42.55	0.0268045
42.575	0.0267668
42.6	0.0267291
42.625	0.0266916
42.65	0.0266541
42.675	0.0266167
42.7	0.0265794
42.725	0.0265421
42.75	0.026505
42.775	0.0264679
42.8	0.0264309
42.825	0.0263939
42.85	0.0263571
42.875	0.0263203
42.9	0.0262836
42.925	0.026247
42.95	0.0262105
42.975	0.0261741
43	0.0261377
43.025	0.0261014
43.05	0.0260652
43.075	0.026029
43.1	0.0259929
43.125	0.0259569
43.15	0.025921
43.175	0.0258852
43.2	0.0258494
43.225	0.0258137
43.25	0.0257781
43.275	0.0257425
43.3	0.025707
43.325	0.0256716
43.35	0.0256363
43.375	0.0256011
43.4	0.0255659
43.425	0.0255308
43.45	0.0254957
43.475	0.0254607
43.5	0.0254258
43.525	0.025391
43.55	0.0253563
43.575	0.0253216
43.6	0.0252869
43.625	0.0252524
43.65	0.0252179
43.675	0.0251835
43.7	0.0251492
43.725	0.0251149
43.75	0.0250807
43.775	0.0250465
43.8	0.0250125
43.825	0.0249785
43.85	0.0249445
43.875	0.0249107
43.9	0.0248769
43.925	0.0248431
43.95	0.0248095
43.975	0.0247759
44	0.0247423
44.025	0.0247089
44.05	0.0246755
44.075	0.0246421
44.1	0.0246089
44.125	0.0245756
44.15	0.0245425
44.175	0.0245094
44.2	0.0244764
44.225	0.0244434
44.25	0.0244106
44.275	0.0243777
44.3	0.024345
44.325	0.0243123
44.35	0.0242796
44.375	0.024247
44.4	0.0242145
44.425	0.0241821
44.45	0.0241497
44.475	0.0241173
44.5	0.0240851
44.525	0.0240529
44.55	0.0240207
44.575	0.0239886
44.6	0.0239566
44.625	0.0239246
44.65	0.0238927
44.675	0.0238609
44.7	0.0238291
44.725	0.0237974
44.75	0.0237657
44.775	0.0237341
44.8	0.0237025
44.825	0.023671
44.85	0.0236396
44.875	0.0236082
44.9	0.0235769
44.925	0.0235456
44.95	0.0235144
44.975	0.0234833
45	0.0234522
45.025	0.0234211
45.05	0.0233901
45.075	0.0233592
45.1	0.0233284
45.125	0.0232975
45.15	0.0232668
45.175	0.0232361
45.2	0.0232054
45.225	0.0231749
45.25	0.0231443
45.275	0.0231138
45.3	0.0230834
45.325	0.023053
45.35	0.0230227
45.375	0.0229925
45.4	0.0229622
45.425	0.0229321
45.45	0.022902
45.475	0.0228719
45.5	0.0228419
45.525	0.022812
45.55	0.0227821
45.575	0.0227523
45.6	0.0227225
45.625	0.0226928
45.65	0.0226631
45.675	0.0226334
45.7	0.0226039
45.725	0.0225743
45.75	0.0225449
45.775	0.0225154
45.8	0.0224861
45.825	0.0224568
45.85	0.0224275
45.875	0.0223983
45.9	0.0223691
45.925	0.02234
45.95	0.0223109
45.975	0.0222819
46	0.0222529
46.025	0.022224
46.05	0.0221951
46.075	0.0221663
46.1	0.0221375
46.125	0.0221088
46.15	0.0220801
46.175	0.0220515
46.2	0.0220229
46.225	0.0219944
46.25	0.0219659
46.275	0.0219375
46.3	0.0219091
46.325	0.0218808
46.35	0.0218525
46.375	0.0218243
46.4	0.0217961
46.425	0.0217679
46.45	0.0217398
46.475	0.0217118
46.5	0.0216838
46.525	0.0216558
46.55	0.0216279
46.575	0.0216
46.6	0.0215722
46.625	0.0215444
46.65	0.0215167
46.675	0.021489
46.7	0.0214614
46.725	0.0214338
46.75	0.0214062
46.775	0.0213787
46.8	0.0213513
46.825	0.0213239
46.85	0.0212965
46.875	0.0212692
46.9	0.0212419
46.925	0.0212147
46.95	0.0211875
46.975	0.0211604
47	0.0211333
47.025	0.0211062
47.05	0.0210792
47.075	0.0210522
47.1	0.0210253
47.125	0.0209984
47.15	0.0209716
47.175	0.0209448
47.2	0.020918
47.225	0.0208913
47.25	0.0208647
47.275	0.020838
47.3	0.0208115
47.325	0.0207849
47.35	0.0207584
47.375	0.020732
47.4	0.0207056
47.425	0.0206792
47.45	0.0206529
47.475	0.0206266
47.5	0.0206003
47.525	0.0205741
47.55	0.020548
47.575	0.0205219
47.6	0.0204958
47.625	0.0204697
47.65	0.0204438
47.675	0.0204178
47.7	0.0203919
47.725	0.020366
47.75	0.0203402
47.775	0.0203144
47.8	0.0202886
47.825	0.0202629
47.85	0.0202372
47.875	0.0202116
47.9	0.020186
47.925	0.0201605
47.95	0.020135
47.975	0.0201095
48	0.020084
48.025	0.0200587
48.05	0.0200333
48.075	0.020008
48.1	0.0199827
48.125	0.0199575
48.15	0.0199323
48.175	0.0199071
48.2	0.019882
48.225	0.0198569
48.25	0.0198319
48.275	0.0198068
48.3	0.0197819
48.325	0.0197569
48.35	0.0197321
48.375	0.0197072
48.4	0.0196824
48.425	0.0196576
48.45	0.0196329
48.475	0.0196082
48.5	0.0195835
48.525	0.0195589
48.55	0.0195343
48.575	0.0195097
48.6	0.0194852
48.625	0.0194607
48.65	0.0194363
48.675	0.0194119
48.7	0.0193875
48.725	0.0193632
48.75	0.0193389
48.775	0.0193146
48.8	0.0192904
48.825	0.0192662
48.85	0.019242
48.875	0.0192179
48.9	0.0191938
48.925	0.0191698
48.95	0.0191458
48.975	0.0191218
49	0.0190979
49.025	0.019074
49.05	0.0190501
49.075	0.0190263
49.1	0.0190025
49.125	0.0189787
49.15	0.018955
49.175	0.0189313
49.2	0.0189077
49.225	0.018884
49.25	0.0188604
49.275	0.0188369
49.3	0.0188134
49.325	0.0187899
49.35	0.0187664
49.375	0.018743
49.4	0.0187197
49.425	0.0186963
49.45	0.018673
49.475	0.0186497
49.5	0.0186265
49.525	0.0186033
49.55	0.0185801
49.575	0.018557
49.6	0.0185338
49.625	0.0185108
49.65	0.0184877
49.675	0.0184647
49.7	0.0184418
49.725	0.0184188
49.75	0.0183959
49.775	0.018373
49.8	0.0183502
49.825	0.0183274
49.85	0.0183046
49.875	0.0182819
49.9	0.0182592
49.925	0.0182365
49.95	0.0182138
49.975	0.0181912
50	0.0181686
50.025	0.0181461
50.05	0.0181236
50.075	0.0181011
50.1	0.0180786
50.125	0.0180562
50.15	0.0180338
50.175	0.0180115
50.2	0.0179892
50.225	0.0179669
50.25	0.0179446
50.275	0.0179224
50.3	0.0179002
50.325	0.017878
50.35	0.0178559
50.375	0.0178338
50.4	0.0178117
50.425	0.0177897
50.45	0.0177677
50.475	0.0177457
50.5	0.0177238
50.525	0.0177018
50.55	0.01768
50.575	0.0176581
50.6	0.0176363
50.625	0.0176145
50.65	0.0175927
50.675	0.017571
50.7	0.0175493
50.725	0.0175276
50.75	0.017506
50.775	0.0174844
50.8	0.0174628
50.825	0.0174413
50.85	0.0174197
50.875	0.0173983
50.9	0.0173768
50.925	0.0173554
50.95	0.017334
50.975	0.0173126
51	0.0172913
51.025	0.01727
51.05	0.0172487
51.075	0.0172274
51.1	0.0172062
51.125	0.017185
51.15	0.0171639
51.175	0.0171427
51.2	0.0171216
51.225	0.0171006
51.25	0.0170795
51.275	0.0170585
51.3	0.0170375
51.325	0.0170166
51.35	0.0169956
51.375	0.0169747
51.4	0.0169539
51.425	0.016933
51.45	0.0169122
51.475	0.0168914
51.5	0.0168707
51.525	0.0168499
51.55	0.0168292
51.575	0.0168086
51.6	0.0167879
51.625	0.0167673
51.65	0.0167467
51.675	0.0167262
51.7	0.0167057
51.725	0.0166852
51.75	0.0166647
51.775	0.0166442
51.8	0.0166238
51.825	0.0166034
51.85	0.0165831
51.875	0.0165627
51.9	0.0165424
51.925	0.0165222
51.95	0.0165019
51.975	0.0164817
52	0.0164615
52.025	0.0164413
52.05	0.0164212
52.075	0.0164011
52.1	0.016381
52.125	0.0163609
52.15	0.0163409
52.175	0.0163209
52.2	0.0163009
52.225	0.016281
52.25	0.016261
52.275	0.0162411
52.3	0.0162213
52.325	0.0162014
52.35	0.0161816
52.375	0.0161618
52.4	0.0161421
52.425	0.0161223
52.45	0.0161026
52.475	0.0160829
52.5	0.0160633
52.525	0.0160437
52.55	0.0160241
52.575	0.0160045
52.6	0.0159849
52.625	0.0159654
52.65	0.0159459
52.675	0.0159264
52.7	0.015907
52.725	0.0158876
52.75	0.0158682
52.775	0.0158488
52.8	0.0158295
52.825	0.0158101
52.85	0.0157909
52.875	0.0157716
52.9	0.0157524
52.925	0.0157331
52.95	0.015714
52.975	0.0156948
53	0.0156757
53.025	0.0156565
53.05	0.0156375
53.075	0.0156184
53.1	0.0155994
53.125	0.0155804
53.15	0.0155614
53.175	0.0155424
53.2	0.0155235
53.225	0.0155046
53.25	0.0154857
53.275	0.0154668
53.3	0.015448
53.325	0.0154292
53.35	0.0154104
53.375	0.0153916
53.4	0.0153729
53.425	0.0153542
53.45	0.0153355
53.475	0.0153169
53.5	0.0152982
53.525	0.0152796
53.55	0.015261
53.575	0.0152425
53.6	0.0152239
53.625	0.0152054
53.65	0.0151869
53.675	0.0151685
53.7	0.01515
53.725	0.0151316
53.75	0.0151132
53.775	0.0150948
53.8	0.0150765
53.825	0.0150582
53.85	0.0150399
53.875	0.0150216
53.9	0.0150034
53.925	0.0149851
53.95	0.0149669
53.975	0.0149488
54	0.0149306
54.025	0.0149125
54.05	0.0148944
54.075	0.0148763
54.1	0.0148583
54.125	0.0148402
54.15	0.0148222
54.175	0.0148042
54.2	0.0147863
54.225	0.0147683
54.25	0.0147504
54.275	0.0147325
54.3	0.0147146
54.325	0.0146968
54.35	0.014679
54.375	0.0146612
54.4	0.0146434
54.425	0.0146257
54.45	0.0146079
54.475	0.0145902
54.5	0.0145725
54.525	0.0145549
54.55	0.0145372
54.575	0.0145196
54.6	0.014502
54.625	0.0144845
54.65	0.0144669
54.675	0.0144494
54.7	0.0144319
54.725	0.0144144
54.75	0.014397
54.775	0.0143795
54.8	0.0143621
54.825	0.0143447
54.85	0.0143274
54.875	0.01431
54.9	0.0142927
54.925	0.0142754
54.95	0.0142581
54.975	0.0142409
55	0.0142236
55.025	0.0142064
55.05	0.0141892
55.075	0.0141721
55.1	0.0141549
55.125	0.0141378
55.15	0.0141207
55.175	0.0141036
55.2	0.0140866
55.225	0.0140696
55.25	0.0140525
55.275	0.0140356
55.3	0.0140186
55.325	0.0140016
55.35	0.0139847
55.375	0.0139678
55.4	0.0139509
55.425	0.0139341
55.45	0.0139172
55.475	0.0139004
55.5	0.0138836
55.525	0.0138669
55.55	0.0138501
55.575	0.0138334
55.6	0.0138167
55.625	0.0138
55.65	0.0137833
55.675	0.0137667
55.7	0.0137501
55.725	0.0137335
55.75	0.0137169
55.775	0.0137003
55.8	0.0136838
55.825	0.0136673
55.85	0.0136508
55.875	0.0136343
55.9	0.0136179
55.925	0.0136014
55.95	0.013585
55.975	0.0135686
56	0.0135523
56.025	0.0135359
56.05	0.0135196
56.075	0.0135033
56.1	0.013487
56.125	0.0134707
56.15	0.0134545
56.175	0.0134383
56.2	0.0134221
56.225	0.0134059
56.25	0.0133897
56.275	0.0133736
56.3	0.0133575
56.325	0.0133414
56.35	0.0133253
56.375	0.0133092
56.4	0.0132932
56.425	0.0132772
56.45	0.0132612
56.475	0.0132452
56.5	0.0132292
56.525	0.0132133
56.55	0.0131974
56.575	0.0131815
56.6	0.0131656
56.625	0.0131498
56.65	0.0131339
56.675	0.0131181
56.7	0.0131023
56.725	0.0130865
56.75	0.0130708
56.775	0.0130551
56.8	0.0130393
56.825	0.0130236
56.85	0.013008
56.875	0.0129923
56.9	0.0129767
56.925	0.0129611
56.95	0.0129455
56.975	0.0129299
57	0.0129143
57.025	0.0128988
57.05	0.0128833
57.075	0.0128678
57.1	0.0128523
57.125	0.0128368
57.15	0.0128214
57.175	0.012806
57.2	0.0127906
57.225	0.0127752
57.25	0.0127598
57.275	0.0127445
57.3	0.0127292
57.325	0.0127139
57.35	0.0126986
57.375	0.0126833
57.4	0.0126681
57.425	0.0126528
57.45	0.0126376
57.475	0.0126224
57.5	0.0126073
57.525	0.0125921
57.55	0.012577
57.575	0.0125619
57.6	0.0125468
57.625	0.0125317
57.65	0.0125167
57.675	0.0125016
57.7	0.0124866
57.725	0.0124716
57.75	0.0124566
57.775	0.0124417
57.8	0.0124267
57.825	0.0124118
57.85	0.0123969
57.875	0.012382
57.9	0.0123671
57.925	0.0123523
57.95	0.0123375
57.975	0.0123227
58	0.0123079
58.025	0.0122931
58.05	0.0122783
58.075	0.0122636
58.1	0.0122489
58.125	0.0122342
58.15	0.0122195
58.175	0.0122048
58.2	0.0121902
58.225	0.0121756
58.25	0.012161
58.275	0.0121464
58.3	0.0121318
58.325	0.0121172
58.35	0.0121027
58.375	0.0120882
58.4	0.0120737
58.425	0.0120592
58.45	0.0120447
58.475	0.0120303
58.5	0.0120159
58.525	0.0120015
58.55	0.0119871
58.575	0.0119727
58.6	0.0119583
58.625	0.011944
58.65	0.0119297
58.675	0.0119154
58.7	0.0119011
58.725	0.0118868
58.75	0.0118726
58.775	0.0118584
58.8	0.0118441
58.825	0.01183
58.85	0.0118158
58.875	0.0118016
58.9	0.0117875
58.925	0.0117734
58.95	0.0117592
58.975	0.0117452
59	0.0117311
59.025	0.011717
59.05	0.011703
59.075	0.011689
59.1	0.011675
59.125	0.011661
59.15	0.011647
59.175	0.0116331
59.2	0.0116191
59.225	0.0116052
59.25	0.0115913
59.275	0.0115775
59.3	0.0115636
59.325	0.0115498
59.35	0.0115359
59.375	0.0115221
59.4	0.0115083
59.425	0.0114945
59.45	0.0114808
59.475	0.011467
59.5	0.0114533
59.525	0.0114396
59.55	0.0114259
59.575	0.0114122
59.6	0.0113986
59.625	0.0113849
59.65	0.0113713
59.675	0.0113577
59.7	0.0113441
59.725	0.0113306
59.75	0.011317
59.775	0.0113035
59.8	0.0112899
59.825	0.0112764
59.85	0.0112629
59.875	0.0112495
59.9	0.011236
59.925	0.0112226
59.95	0.0112092
59.975	0.0111957
60	0.0111824
60.025	0.011169
60.05	0.0111556
60.075	0.0111423
60.1	0.011129
60.125	0.0111157
60.15	0.0111024
60.175	0.0110891
60.2	0.0110758
60.225	0.0110626
60.25	0.0110494
60.275	0.0110362
60.3	0.011023
60.325	0.0110098
60.35	0.0109966
60.375	0.0109835
60.4	0.0109704
60.425	0.0109573
60.45	0.0109442
60.475	0.0109311
60.5	0.010918
60.525	0.010905
60.55	0.010892
60.575	0.010879
60.6	0.010866
60.625	0.010853
60.65	0.01084
60.675	0.0108271
60.7	0.0108141
60.725	0.0108012
60.75	0.0107883
60.775	0.0107754
60.8	0.0107626
60.825	0.0107497
60.85	0.0107369
60.875	0.010724
60.9	0.0107112
60.925	0.0106984
60.95	0.0106857
60.975	0.0106729
61	0.0106602
61.025	0.0106474
61.05	0.0106347
61.075	0.010622
61.1	0.0106094
61.125	0.0105967
61.15	0.010584
61.175	0.0105714
61.2	0.0105588
61.225	0.0105462
61.25	0.0105336
61.275	0.010521
61.3	0.0105085
61.325	0.0104959
61.35	0.0104834
61.375	0.0104709
61.4	0.0104584
61.425	0.0104459
61.45	0.0104335
61.475	0.010421
61.5	0.0104086
61.525	0.0103962
61.55	0.0103838
61.575	0.0103714
61.6	0.010359
61.625	0.0103467
61.65	0.0103343
61.675	0.010322
61.7	0.0103097
61.725	0.0102974
61.75	0.0102851
61.775	0.0102728
61.8	0.0102606
61.825	0.0102483
61.85	0.0102361
61.875	0.0102239
61.9	0.0102117
61.925	0.0101996
61.95	0.0101874
61.975	0.0101753
62	0.0101631
62.025	0.010151
62.05	0.0101389
62.075	0.0101268
62.1	0.0101147
62.125	0.0101027
62.15	0.0100907
62.175	0.0100786
62.2	0.0100666
62.225	0.0100546
62.25	0.0100426
62.275	0.0100307
62.3	0.0100187
62.325	0.0100068
62.35	0.00999485
62.375	0.00998294
62.4	0.00997104
62.425	0.00995917
62.45	0.0099473
62.475	0.00993545
62.5	0.00992361
62.525	0.00991179
62.55	0.00989998
62.575	0.00988819
62.6	0.00987641
62.625	0.00986465
62.65	0.0098529
62.675	0.00984116
62.7	0.00982944
62.725	0.00981774
62.75	0.00980604
62.775	0.00979436
62.8	0.0097827
62.825	0.00977105
62.85	0.00975942
62.875	0.0097478
62.9	0.00973619
62.925	0.0097246
62.95	0.00971302
62.975	0.00970146
63	0.0096899
63.025	0.00967837
63.05	0.00966685
63.075	0.00965534
63.1	0.00964385
63.125	0.00963237
63.15	0.0096209
63.175	0.00960945
63.2	0.00959801
63.225	0.00958659
63.25	0.00957518
63.275	0.00956378
63.3	0.0095524
63.325	0.00954103
63.35	0.00952968
63.375	0.00951834
63.4	0.00950702
63.425	0.0094957
63.45	0.0094844
63.475	0.00947312
63.5	0.00946185
63.525	0.00945059
63.55	0.00943935
63.575	0.00942812
63.6	0.0094169
63.625	0.0094057
63.65	0.00939451
63.675	0.00938334
63.7	0.00937218
63.725	0.00936103
63.75	0.0093499
63.775	0.00933878
63.8	0.00932767
63.825	0.00931658
63.85	0.0093055
63.875	0.00929443
63.9	0.00928338
63.925	0.00927234
63.95	0.00926131
63.975	0.0092503
64	0.0092393
64.025	0.00922832
64.05	0.00921734
64.075	0.00920638
64.1	0.00919544
64.125	0.00918451
64.15	0.00917359
64.175	0.00916268
64.2	0.00915179
64.225	0.00914091
64.25	0.00913005
64.275	0.00911919
64.3	0.00910836
64.325	0.00909753
64.35	0.00908672
64.375	0.00907592
64.4	0.00906513
64.425	0.00905436
64.45	0.0090436
64.475	0.00903285
64.5	0.00902212
64.525	0.0090114
64.55	0.00900069
64.575	0.00899
64.6	0.00897931
64.625	0.00896865
64.65	0.00895799
64.675	0.00894735
64.7	0.00893672
64.725	0.0089261
64.75	0.0089155
64.775	0.00890491
64.8	0.00889433
64.825	0.00888376
64.85	0.00887321
64.875	0.00886267
64.9	0.00885214
64.925	0.00884163
64.95	0.00883113
64.975	0.00882064
65	0.00881017
65.025	0.0087997
65.05	0.00878925
65.075	0.00877882
65.1	0.00876839
65.125	0.00875798
65.15	0.00874758
65.175	0.00873719
65.2	0.00872682
65.225	0.00871646
65.25	0.00870611
65.275	0.00869577
65.3	0.00868545
65.325	0.00867514
65.35	0.00866484
65.375	0.00865455
65.4	0.00864428
65.425	0.00863402
65.45	0.00862377
65.475	0.00861353
65.5	0.00860331
65.525	0.0085931
65.55	0.0085829
65.575	0.00857271
65.6	0.00856254
65.625	0.00855238
65.65	0.00854223
65.675	0.00853209
65.7	0.00852197
65.725	0.00851185
65.75	0.00850175
65.775	0.00849167
65.8	0.00848159
65.825	0.00847153
65.85	0.00846148
65.875	0.00845144
65.9	0.00844141
65.925	0.0084314
65.95	0.00842139
65.975	0.0084114
66	0.00840142
66.025	0.00839146
66.05	0.0083815
66.075	0.00837156
66.1	0.00836163
66.125	0.00835171
66.15	0.00834181
66.175	0.00833191
66.2	0.00832203
66.225	0.00831216
66.25	0.0083023
66.275	0.00829246
66.3	0.00828263
66.325	0.0082728
66.35	0.00826299
66.375	0.0082532
66.4	0.00824341
66.425	0.00823363
66.45	0.00822387
66.475	0.00821412
66.5	0.00820438
66.525	0.00819466
66.55	0.00818494
66.575	0.00817524
66.6	0.00816554
66.625	0.00815586
66.65	0.0081462
66.675	0.00813654
66.7	0.00812689
66.725	0.00811726
66.75	0.00810764
66.775	0.00809803
66.8	0.00808843
66.825	0.00807884
66.85	0.00806927
66.875	0.00805971
66.9	0.00805015
66.925	0.00804061
66.95	0.00803109
66.975	0.00802157
67	0.00801206
67.025	0.00800257
67.05	0.00799309
67.075	0.00798361
67.1	0.00797415
67.125	0.00796471
67.15	0.00795527
67.175	0.00794584
67.2	0.00793643
67.225	0.00792703
67.25	0.00791764
67.275	0.00790826
67.3	0.00789889
67.325	0.00788953
67.35	0.00788019
67.375	0.00787085
67.4	0.00786153
67.425	0.00785222
67.45	0.00784292
67.475	0.00783363
67.5	0.00782435
67.525	0.00781508
67.55	0.00780583
67.575	0.00779658
67.6	0.00778735
67.625	0.00777812
67.65	0.00776891
67.675	0.00775971
67.7	0.00775053
67.725	0.00774135
67.75	0.00773218
67.775	0.00772303
67.8	0.00771388
67.825	0.00770475
67.85	0.00769563
67.875	0.00768651
67.9	0.00767741
67.925	0.00766833
67.95	0.00765925
67.975	0.00765018
68	0.00764112
68.025	0.00763208
68.05	0.00762304
68.075	0.00761402
68.1	0.00760501
68.125	0.00759601
68.15	0.00758702
68.175	0.00757804
68.2	0.00756907
68.225	0.00756011
68.25	0.00755116
68.275	0.00754222
68.3	0.0075333
68.325	0.00752438
68.35	0.00751548
68.375	0.00750659
68.4	0.0074977
68.425	0.00748883
68.45	0.00747997
68.475	0.00747112
68.5	0.00746228
68.525	0.00745345
68.55	0.00744463
68.575	0.00743582
68.6	0.00742703
68.625	0.00741824
68.65	0.00740946
68.675	0.0074007
68.7	0.00739194
68.725	0.0073832
68.75	0.00737446
68.775	0.00736574
68.8	0.00735703
68.825	0.00734833
68.85	0.00733963
68.875	0.00733095
68.9	0.00732228
68.925	0.00731362
68.95	0.00730497
68.975	0.00729633
69	0.0072877
69.025	0.00727908
69.05	0.00727048
69.075	0.00726188
69.1	0.00725329
69.125	0.00724471
69.15	0.00723615
69.175	0.00722759
69.2	0.00721905
69.225	0.00721051
69.25	0.00720198
69.275	0.00719347
69.3	0.00718496
69.325	0.00717647
69.35	0.00716799
69.375	0.00715951
69.4	0.00715105
69.425	0.00714259
69.45	0.00713415
69.475	0.00712572
69.5	0.00711729
69.525	0.00710888
69.55	0.00710048
69.575	0.00709209
69.6	0.0070837
69.625	0.00707533
69.65	0.00706697
69.675	0.00705862
69.7	0.00705027
69.725	0.00704194
69.75	0.00703362
69.775	0.00702531
69.8	0.007017
69.825	0.00700871
69.85	0.00700043
69.875	0.00699216
69.9	0.0069839
69.925	0.00697564
69.95	0.0069674
69.975	0.00695917
70	0.00695095
70.025	0.00694273
70.05	0.00693453
70.075	0.00692634
70.1	0.00691816
70.125	0.00690998
70.15	0.00690182
70.175	0.00689367
70.2	0.00688552
70.225	0.00687739
70.25	0.00686927
70.275	0.00686115
70.3	0.00685305
70.325	0.00684495
70.35	0.00683687
70.375	0.00682879
70.4	0.00682073
70.425	0.00681267
70.45	0.00680463
70.475	0.00679659
70.5	0.00678856
70.525	0.00678055
70.55	0.00677254
70.575	0.00676454
70.6	0.00675655
70.625	0.00674857
70.65	0.0067406
70.675	0.00673265
70.7	0.0067247
70.725	0.00671676
70.75	0.00670883
70.775	0.0067009
70.8	0.00669299
70.825	0.00668509
70.85	0.0066772
70.875	0.00666932
70.9	0.00666144
70.925	0.00665358
70.95	0.00664572
70.975	0.00663788
71	0.00663004
71.025	0.00662222
71.05	0.0066144
71.075	0.00660659
71.1	0.00659879
71.125	0.00659101
71.15	0.00658323
71.175	0.00657546
71.2	0.0065677
71.225	0.00655995
71.25	0.0065522
71.275	0.00654447
71.3	0.00653675
71.325	0.00652903
71.35	0.00652133
71.375	0.00651363
71.4	0.00650595
71.425	0.00649827
71.45	0.0064906
71.475	0.00648294
71.5	0.00647529
71.525	0.00646765
71.55	0.00646002
71.575	0.0064524
71.6	0.00644479
71.625	0.00643719
71.65	0.00642959
71.675	0.00642201
71.7	0.00641443
71.725	0.00640686
71.75	0.00639931
71.775	0.00639176
71.8	0.00638422
71.825	0.00637669
71.85	0.00636916
71.875	0.00636165
71.9	0.00635415
71.925	0.00634665
71.95	0.00633917
71.975	0.00633169
72	0.00632422
72.025	0.00631677
72.05	0.00630932
72.075	0.00630188
72.1	0.00629444
72.125	0.00628702
72.15	0.00627961
72.175	0.0062722
72.2	0.00626481
72.225	0.00625742
72.25	0.00625004
72.275	0.00624267
72.3	0.00623531
72.325	0.00622796
72.35	0.00622062
72.375	0.00621328
72.4	0.00620596
72.425	0.00619864
72.45	0.00619133
72.475	0.00618403
72.5	0.00617674
72.525	0.00616946
72.55	0.00616219
72.575	0.00615492
72.6	0.00614767
72.625	0.00614042
72.65	0.00613318
72.675	0.00612595
72.7	0.00611873
72.725	0.00611152
72.75	0.00610432
72.775	0.00609712
72.8	0.00608994
72.825	0.00608276
72.85	0.00607559
72.875	0.00606843
72.9	0.00606128
72.925	0.00605414
72.95	0.006047
72.975	0.00603988
73	0.00603276
73.025	0.00602565
73.05	0.00601855
73.075	0.00601146
73.1	0.00600438
73.125	0.0059973
73.15	0.00599024
73.175	0.00598318
73.2	0.00597613
73.225	0.00596909
73.25	0.00596206
73.275	0.00595503
73.3	0.00594802
73.325	0.00594101
73.35	0.00593401
73.375	0.00592702
73.4	0.00592004
73.425	0.00591307
73.45	0.0059061
73.475	0.00589914
73.5	0.0058922
73.525	0.00588526
73.55	0.00587832
73.575	0.0058714
73.6	0.00586449
73.625	0.00585758
73.65	0.00585068
73.675	0.00584379
73.7	0.00583691
73.725	0.00583003
73.75	0.00582317
73.775	0.00581631
73.8	0.00580946
73.825	0.00580262
73.85	0.00579579
73.875	0.00578896
73.9	0.00578215
73.925	0.00577534
73.95	0.00576854
73.975	0.00576175
74	0.00575496
74.025	0.00574819
74.05	0.00574142
74.075	0.00573466
74.1	0.00572791
74.125	0.00572117
74.15	0.00571443
74.175	0.0057077
74.2	0.00570099
74.225	0.00569427
74.25	0.00568757
74.275	0.00568088
74.3	0.00567419
74.325	0.00566751
74.35	0.00566084
74.375	0.00565418
74.4	0.00564752
74.425	0.00564088
74.45	0.00563424
74.475	0.00562761
74.5	0.00562098
74.525	0.00561437
74.55	0.00560776
74.575	0.00560116
74.6	0.00559457
74.625	0.00558799
74.65	0.00558141
74.675	0.00557484
74.7	0.00556828
74.725	0.00556173
74.75	0.00555519
74.775	0.00554865
74.8	0.00554212
74.825	0.0055356
74.85	0.00552909
74.875	0.00552258
74.9	0.00551609
74.925	0.0055096
74.95	0.00550311
74.975	0.00549664
75	0.00549017
75.025	0.00548372
75.05	0.00547726
75.075	0.00547082
75.1	0.00546439
75.125	0.00545796
75.15	0.00545154
75.175	0.00544513
75.2	0.00543872
75.225	0.00543232
75.25	0.00542594
75.275	0.00541955
75.3	0.00541318
75.325	0.00540681
75.35	0.00540045
75.375	0.0053941
75.4	0.00538776
75.425	0.00538142
75.45	0.0053751
75.475	0.00536877
75.5	0.00536246
75.525	0.00535616
75.55	0.00534986
75.575	0.00534357
75.6	0.00533728
75.625	0.00533101
75.65	0.00532474
75.675	0.00531848
75.7	0.00531223
75.725	0.00530598
75.75	0.00529974
75.775	0.00529351
75.8	0.00528729
75.825	0.00528107
75.85	0.00527486
75.875	0.00526866
75.9	0.00526247
75.925	0.00525628
75.95	0.0052501
75.975	0.00524393
76	0.00523777
76.025	0.00523161
76.05	0.00522546
76.075	0.00521932
76.1	0.00521319
76.125	0.00520706
76.15	0.00520094
76.175	0.00519483
76.2	0.00518872
76.225	0.00518262
76.25	0.00517653
76.275	0.00517045
76.3	0.00516437
76.325	0.0051583
76.35	0.00515224
76.375	0.00514619
76.4	0.00514014
76.425	0.0051341
76.45	0.00512807
76.475	0.00512204
76.5	0.00511602
76.525	0.00511001
76.55	0.00510401
76.575	0.00509801
76.6	0.00509202
76.625	0.00508604
76.65	0.00508007
76.675	0.0050741
76.7	0.00506814
76.725	0.00506218
76.75	0.00505624
76.775	0.0050503
76.8	0.00504436
76.825	0.00503844
76.85	0.00503252
76.875	0.00502661
76.9	0.0050207
76.925	0.00501481
76.95	0.00500892
76.975	0.00500303
77	0.00499716
77.025	0.00499129
77.05	0.00498543
77.075	0.00497957
77.1	0.00497372
77.125	0.00496788
77.15	0.00496205
77.175	0.00495622
77.2	0.0049504
77.225	0.00494459
77.25	0.00493878
77.275	0.00493298
77.3	0.00492719
77.325	0.0049214
77.35	0.00491562
77.375	0.00490985
77.4	0.00490409
77.425	0.00489833
77.45	0.00489258
77.475	0.00488683
77.5	0.0048811
77.525	0.00487537
77.55	0.00486964
77.575	0.00486392
77.6	0.00485821
77.625	0.00485251
77.65	0.00484681
77.675	0.00484112
77.7	0.00483544
77.725	0.00482977
77.75	0.0048241
77.775	0.00481843
77.8	0.00481278
77.825	0.00480713
77.85	0.00480149
77.875	0.00479585
77.9	0.00479022
77.925	0.0047846
77.95	0.00477898
77.975	0.00477338
78	0.00476777
78.025	0.00476218
78.05	0.00475659
78.075	0.00475101
78.1	0.00474543
78.125	0.00473986
78.15	0.0047343
78.175	0.00472875
78.2	0.0047232
78.225	0.00471766
78.25	0.00471212
78.275	0.00470659
78.3	0.00470107
78.325	0.00469555
78.35	0.00469004
78.375	0.00468454
78.4	0.00467904
78.425	0.00467355
78.45	0.00466807
78.475	0.00466259
78.5	0.00465713
78.525	0.00465166
78.55	0.0046462
78.575	0.00464075
78.6	0.00463531
78.625	0.00462987
78.65	0.00462444
78.675	0.00461902
78.7	0.0046136
78.725	0.00460819
78.75	0.00460278
78.775	0.00459738
78.8	0.00459199
78.825	0.00458661
78.85	0.00458123
78.875	0.00457585
78.9	0.00457049
78.925	0.00456513
78.95	0.00455977
78.975	0.00455443
79	0.00454908
79.025	0.00454375
79.05	0.00453842
79.075	0.0045331
79.1	0.00452778
79.125	0.00452247
79.15	0.00451717
79.175	0.00451188
79.2	0.00450659
79.225	0.0045013
79.25	0.00449602
79.275	0.00449075
79.3	0.00448549
79.325	0.00448023
79.35	0.00447498
79.375	0.00446973
79.4	0.00446449
79.425	0.00445925
79.45	0.00445403
79.475	0.00444881
79.5	0.00444359
79.525	0.00443838
79.55	0.00443318
79.575	0.00442798
79.6	0.00442279
79.625	0.00441761
79.65	0.00441243
79.675	0.00440726
79.7	0.00440209
79.725	0.00439693
79.75	0.00439178
79.775	0.00438663
79.8	0.00438149
79.825	0.00437636
79.85	0.00437123
79.875	0.0043661
79.9	0.00436099
79.925	0.00435588
79.95	0.00435077
79.975	0.00434567
80	0.00434058
80.025	0.0043355
80.05	0.00433041
80.075	0.00432534
80.1	0.00432027
80.125	0.00431521
80.15	0.00431015
80.175	0.0043051
80.2	0.00430006
80.225	0.00429502
80.25	0.00428999
80.275	0.00428496
80.3	0.00427994
80.325	0.00427493
80.35	0.00426992
80.375	0.00426492
80.4	0.00425992
80.425	0.00425493
80.45	0.00424995
80.475	0.00424497
80.5	0.00424
80.525	0.00423503
80.55	0.00423007
80.575	0.00422512
80.6	0.00422017
80.625	0.00421522
80.65	0.00421029
80.675	0.00420535
80.7	0.00420043
80.725	0.00419551
80.75	0.0041906
80.775	0.00418569
80.8	0.00418079
80.825	0.00417589
80.85	0.004171
80.875	0.00416612
80.9	0.00416124
80.925	0.00415636
80.95	0.0041515
80.975	0.00414664
81	0.00414178
81.025	0.00413693
81.05	0.00413209
81.075	0.00412725
81.1	0.00412242
81.125	0.00411759
81.15	0.00411277
81.175	0.00410795
81.2	0.00410314
81.225	0.00409834
81.25	0.00409354
81.275	0.00408875
81.3	0.00408396
81.325	0.00407918
81.35	0.0040744
81.375	0.00406964
81.4	0.00406487
81.425	0.00406011
81.45	0.00405536
81.475	0.00405061
81.5	0.00404587
81.525	0.00404114
81.55	0.00403641
81.575	0.00403168
81.6	0.00402696
81.625	0.00402225
81.65	0.00401754
81.675	0.00401284
81.7	0.00400814
81.725	0.00400345
81.75	0.00399877
81.775	0.00399409
81.8	0.00398941
81.825	0.00398474
81.85	0.00398008
81.875	0.00397542
81.9	0.00397077
81.925	0.00396613
81.95	0.00396148
81.975	0.00395685
82	0.00395222
82.025	0.00394759
82.05	0.00394298
82.075	0.00393836
82.1	0.00393375
82.125	0.00392915
82.15	0.00392455
82.175	0.00391996
82.2	0.00391538
82.225	0.0039108
82.25	0.00390622
82.275	0.00390165
82.3	0.00389709
82.325	0.00389253
82.35	0.00388797
82.375	0.00388343
82.4	0.00387888
82.425	0.00387435
82.45	0.00386981
82.475	0.00386529
82.5	0.00386077
82.525	0.00385625
82.55	0.00385174
82.575	0.00384724
82.6	0.00384274
82.625	0.00383824
82.65	0.00383375
82.675	0.00382927
82.7	0.00382479
82.725	0.00382032
82.75	0.00381585
82.775	0.00381139
82.8	0.00380693
82.825	0.00380248
82.85	0.00379803
82.875	0.00379359
82.9	0.00378915
82.925	0.00378472
82.95	0.0037803
82.975	0.00377588
83	0.00377146
83.025	0.00376705
83.05	0.00376265
83.075	0.00375825
83.1	0.00375385
83.125	0.00374947
83.15	0.00374508
83.175	0.0037407
83.2	0.00373633
83.225	0.00373196
83.25	0.0037276
83.275	0.00372324
83.3	0.00371889
83.325	0.00371454
83.35	0.0037102
83.375	0.00370586
83.4	0.00370153
83.425	0.0036972
83.45	0.00369288
83.475	0.00368856
83.5	0.00368425
83.525	0.00367995
83.55	0.00367565
83.575	0.00367135
83.6	0.00366706
83.625	0.00366277
83.65	0.00365849
83.675	0.00365422
83.7	0.00364995
83.725	0.00364568
83.75	0.00364142
83.775	0.00363716
83.8	0.00363291
83.825	0.00362867
83.85	0.00362443
83.875	0.00362019
83.9	0.00361596
83.925	0.00361174
83.95	0.00360752
83.975	0.0036033
84	0.00359909
84.025	0.00359489
84.05	0.00359069
84.075	0.00358649
84.1	0.0035823
84.125	0.00357812
84.15	0.00357393
84.175	0.00356976
84.2	0.00356559
84.225	0.00356142
84.25	0.00355726
84.275	0.00355311
84.3	0.00354896
84.325	0.00354481
84.35	0.00354067
84.375	0.00353653
84.4	0.0035324
84.425	0.00352828
84.45	0.00352415
84.475	0.00352004
84.5	0.00351593
84.525	0.00351182
84.55	0.00350772
84.575	0.00350362
84.6	0.00349953
84.625	0.00349544
84.65	0.00349136
84.675	0.00348728
84.7	0.00348321
84.725	0.00347914
84.75	0.00347508
84.775	0.00347102
84.8	0.00346697
84.825	0.00346292
84.85	0.00345887
84.875	0.00345484
84.9	0.0034508
84.925	0.00344677
84.95	0.00344275
84.975	0.00343873
85	0.00343471
85.025	0.0034307
85.05	0.0034267
85.075	0.00342269
85.1	0.0034187
85.125	0.00341471
85.15	0.00341072
85.175	0.00340674
85.2	0.00340276
85.225	0.00339879
85.25	0.00339482
85.275	0.00339086
85.3	0.0033869
85.325	0.00338295
85.35	0.003379
85.375	0.00337505
85.4	0.00337111
85.425	0.00336718
85.45	0.00336325
85.475	0.00335932
85.5	0.0033554
85.525	0.00335148
85.55	0.00334757
85.575	0.00334366
85.6	0.00333976
85.625	0.00333586
85.65	0.00333197
85.675	0.00332808
85.7	0.0033242
85.725	0.00332032
85.75	0.00331644
85.775	0.00331257
85.8	0.00330871
85.825	0.00330485
85.85	0.00330099
85.875	0.00329714
85.9	0.00329329
85.925	0.00328945
85.95	0.00328561
85.975	0.00328178
86	0.00327795
86.025	0.00327412
86.05	0.0032703
86.075	0.00326649
86.1	0.00326267
86.125	0.00325887
86.15	0.00325507
86.175	0.00325127
86.2	0.00324747
86.225	0.00324369
86.25	0.0032399
86.275	0.00323612
86.3	0.00323235
86.325	0.00322858
86.35	0.00322481
86.375	0.00322105
86.4	0.00321729
86.425	0.00321354
86.45	0.00320979
86.475	0.00320604
86.5	0.00320231
86.525	0.00319857
86.55	0.00319484
86.575	0.00319111
86.6	0.00318739
86.625	0.00318367
86.65	0.00317996
86.675	0.00317625
86.7	0.00317255
86.725	0.00316885
86.75	0.00316515
86.775	0.00316146
86.8	0.00315777
86.825	0.00315409
86.85	0.00315041
86.875	0.00314674
86.9	0.00314307
86.925	0.0031394
86.95	0.00313574
86.975	0.00313209
87	0.00312843
87.025	0.00312479
87.05	0.00312114
87.075	0.0031175
87.1	0.00311387
87.125	0.00311024
87.15	0.00310661
87.175	0.00310299
87.2	0.00309937
87.225	0.00309576
87.25	0.00309215
87.275	0.00308855
87.3	0.00308494
87.325	0.00308135
87.35	0.00307776
87.375	0.00307417
87.4	0.00307058
87.425	0.003067
87.45	0.00306343
87.475	0.00305986
87.5	0.00305629
87.525	0.00305273
87.55	0.00304917
87.575	0.00304562
87.6	0.00304207
87.625	0.00303852
87.65	0.00303498
87.675	0.00303144
87.7	0.00302791
87.725	0.00302438
87.75	0.00302086
87.775	0.00301734
87.8	0.00301382
87.825	0.00301031
87.85	0.0030068
87.875	0.00300329
87.9	0.00299979
87.925	0.0029963
87.95	0.00299281
87.975	0.00298932
88	0.00298584
88.025	0.00298236
88.05	0.00297888
88.075	0.00297541
88.1	0.00297194
88.125	0.00296848
88.15	0.00296502
88.175	0.00296157
88.2	0.00295812
88.225	0.00295467
88.25	0.00295123
88.275	0.00294779
88.3	0.00294436
88.325	0.00294093
88.35	0.0029375
88.375	0.00293408
88.4	0.00293066
88.425	0.00292725
88.45	0.00292384
88.475	0.00292043
88.5	0.00291703
88.525	0.00291363
88.55	0.00291024
88.575	0.00290685
88.6	0.00290346
88.625	0.00290008
88.65	0.0028967
88.675	0.00289333
88.7	0.00288996
88.725	0.00288659
88.75	0.00288323
88.775	0.00287987
88.8	0.00287652
88.825	0.00287317
88.85	0.00286982
88.875	0.00286648
88.9	0.00286314
88.925	0.00285981
88.95	0.00285647
88.975	0.00285315
89	0.00284983
89.025	0.00284651
89.05	0.00284319
89.075	0.00283988
89.1	0.00283658
89.125	0.00283327
89.15	0.00282997
89.175	0.00282668
89.2	0.00282339
89.225	0.0028201
89.25	0.00281682
89.275	0.00281354
89.3	0.00281026
89.325	0.00280699
89.35	0.00280372
89.375	0.00280046
89.4	0.0027972
89.425	0.00279394
89.45	0.00279069
89.475	0.00278744
89.5	0.00278419
89.525	0.00278095
89.55	0.00277772
89.575	0.00277448
89.6	0.00277125
89.625	0.00276803
89.65	0.0027648
89.675	0.00276159
89.7	0.00275837
89.725	0.00275516
89.75	0.00275195
89.775	0.00274875
89.8	0.00274555
89.825	0.00274236
89.85	0.00273917
89.875	0.00273598
89.9	0.00273279
89.925	0.00272961
89.95	0.00272644
89.975	0.00272326
90	0.00272009
90.025	0.00271693
90.05	0.00271377
90.075	0.00271061
90.1	0.00270745
90.125	0.0027043
90.15	0.00270116
90.175	0.00269801
90.2	0.00269488
90.225	0.00269174
90.25	0.00268861
90.275	0.00268548
90.3	0.00268235
90.325	0.00267923
90.35	0.00267612
90.375	0.002673
90.4	0.00266989
90.425	0.00266679
90.45	0.00266368
90.475	0.00266059
90.5	0.00265749
90.525	0.0026544
90.55	0.00265131
90.575	0.00264823
90.6	0.00264515
90.625	0.00264207
90.65	0.00263899
90.675	0.00263593
90.7	0.00263286
90.725	0.0026298
90.75	0.00262674
90.775	0.00262368
90.8	0.00262063
90.825	0.00261758
90.85	0.00261454
90.875	0.0026115
90.9	0.00260846
90.925	0.00260543
90.95	0.0026024
90.975	0.00259937
91	0.00259635
91.025	0.00259333
91.05	0.00259031
91.075	0.0025873
91.1	0.00258429
91.125	0.00258128
91.15	0.00257828
91.175	0.00257528
91.2	0.00257229
91.225	0.0025693
91.25	0.00256631
91.275	0.00256333
91.3	0.00256035
91.325	0.00255737
91.35	0.0025544
91.375	0.00255143
91.4	0.00254846
91.425	0.0025455
91.45	0.00254254
91.475	0.00253958
91.5	0.00253663
91.525	0.00253368
91.55	0.00253073
91.575	0.00252779
91.6	0.00252485
91.625	0.00252192
91.65	0.00251898
91.675	0.00251606
91.7	0.00251313
91.725	0.00251021
91.75	0.00250729
91.775	0.00250438
91.8	0.00250147
91.825	0.00249856
91.85	0.00249565
91.875	0.00249275
91.9	0.00248986
91.925	0.00248696
91.95	0.00248407
91.975	0.00248118
92	0.0024783
92.025	0.00247542
92.05	0.00247254
92.075	0.00246967
92.1	0.0024668
92.125	0.00246393
92.15	0.00246107
92.175	0.00245821
92.2	0.00245535
92.225	0.0024525
92.25	0.00244965
92.275	0.0024468
92.3	0.00244396
92.325	0.00244112
92.35	0.00243828
92.375	0.00243545
92.4	0.00243262
92.425	0.00242979
92.45	0.00242697
92.475	0.00242415
92.5	0.00242133
92.525	0.00241852
92.55	0.00241571
92.575	0.0024129
92.6	0.0024101
92.625	0.0024073
92.65	0.0024045
92.675	0.00240171
92.7	0.00239892
92.725	0.00239613
92.75	0.00239335
92.775	0.00239057
92.8	0.00238779
92.825	0.00238502
92.85	0.00238225
92.875	0.00237948
92.9	0.00237672
92.925	0.00237396
92.95	0.0023712
92.975	0.00236844
93	0.00236569
93.025	0.00236294
93.05	0.0023602
93.075	0.00235746
93.1	0.00235472
93.125	0.00235199
93.15	0.00234925
93.175	0.00234653
93.2	0.0023438
93.225	0.00234108
93.25	0.00233836
93.275	0.00233564
93.3	0.00233293
93.325	0.00233022
93.35	0.00232752
93.375	0.00232481
93.4	0.00232211
93.425	0.00231942
93.45	0.00231672
93.475	0.00231403
93.5	0.00231135
93.525	0.00230866
93.55	0.00230598
93.575	0.0023033
93.6	0.00230063
93.625	0.00229796
93.65	0.00229529
93.675	0.00229263
93.7	0.00228996
93.725	0.00228731
93.75	0.00228465
93.775	0.002282
93.8	0.00227935
93.825	0.0022767
93.85	0.00227406
93.875	0.00227142
93.9	0.00226878
93.925	0.00226615
93.95	0.00226352
93.975	0.00226089
94	0.00225827
94.025	0.00225564
94.05	0.00225303
94.075	0.00225041
94.1	0.0022478
94.125	0.00224519
94.15	0.00224258
94.175	0.00223998
94.2	0.00223738
94.225	0.00223478
94.25	0.00223219
94.275	0.0022296
94.3	0.00222701
94.325	0.00222443
94.35	0.00222185
94.375	0.00221927
94.4	0.00221669
94.425	0.00221412
94.45	0.00221155
94.475	0.00220898
94.5	0.00220642
94.525	0.00220386
94.55	0.0022013
94.575	0.00219875
94.6	0.0021962
94.625	0.00219365
94.65	0.0021911
94.675	0.00218856
94.7	0.00218602
94.725	0.00218348
94.75	0.00218095
94.775	0.00217842
94.8	0.00217589
94.825	0.00217337
94.85	0.00217085
94.875	0.00216833
94.9	0.00216581
94.925	0.0021633
94.95	0.00216079
94.975	0.00215828
95	0.00215578
95.025	0.00215328
95.05	0.00215078
95.075	0.00214828
95.1	0.00214579
95.125	0.0021433
95.15	0.00214082
95.175	0.00213833
95.2	0.00213585
95.225	0.00213338
95.25	0.0021309
95.275	0.00212843
95.3	0.00212596
95.325	0.00212349
95.35	0.00212103
95.375	0.00211857
95.4	0.00211611
95.425	0.00211366
95.45	0.00211121
95.475	0.00210876
95.5	0.00210631
95.525	0.00210387
95.55	0.00210143
95.575	0.00209899
95.6	0.00209656
95.625	0.00209413
95.65	0.0020917
95.675	0.00208928
95.7	0.00208685
95.725	0.00208443
95.75	0.00208202
95.775	0.0020796
95.8	0.00207719
95.825	0.00207478
95.85	0.00207238
95.875	0.00206997
95.9	0.00206757
95.925	0.00206517
95.95	0.00206278
95.975	0.00206039
96	0.002058
96.025	0.00205561
96.05	0.00205323
96.075	0.00205085
96.1	0.00204847
96.125	0.0020461
96.15	0.00204373
96.175	0.00204136
96.2	0.00203899
96.225	0.00203663
96.25	0.00203427
96.275	0.00203191
96.3	0.00202955
96.325	0.0020272
96.35	0.00202485
96.375	0.0020225
96.4	0.00202016
96.425	0.00201782
96.45	0.00201548
96.475	0.00201314
96.5	0.00201081
96.525	0.00200848
96.55	0.00200615
96.575	0.00200382
96.6	0.0020015
96.625	0.00199918
96.65	0.00199686
96.675	0.00199455
96.7	0.00199224
96.725	0.00198993
96.75	0.00198762
96.775	0.00198532
96.8	0.00198302
96.825	0.00198072
96.85	0.00197843
96.875	0.00197613
96.9	0.00197384
96.925	0.00197156
96.95	0.00196927
96.975	0.00196699
97	0.00196471
97.025	0.00196243
97.05	0.00196016
97.075	0.00195789
97.1	0.00195562
97.125	0.00195335
97.15	0.00195109
97.175	0.00194883
97.2	0.00194657
97.225	0.00194432
97.25	0.00194207
97.275	0.00193982
97.3	0.00193757
97.325	0.00193532
97.35	0.00193308
97.375	0.00193084
97.4	0.0019286
97.425	0.00192637
97.45	0.00192414
97.475	0.00192191
97.5	0.00191968
97.525	0.00191746
97.55	0.00191524
97.575	0.00191302
97.6	0.0019108
97.625	0.00190859
97.65	0.00190638
97.675	0.00190417
97.7	0.00190197
97.725	0.00189976
97.75	0.00189756
97.775	0.00189537
97.8	0.00189317
97.825	0.00189098
97.85	0.00188879
97.875	0.0018866
97.9	0.00188442
97.925	0.00188223
97.95	0.00188005
97.975	0.00187788
98	0.0018757
98.025	0.00187353
98.05	0.00187136
98.075	0.00186919
98.1	0.00186703
98.125	0.00186487
98.15	0.00186271
98.175	0.00186055
98.2	0.0018584
98.225	0.00185624
98.25	0.00185409
98.275	0.00185195
98.3	0.0018498
98.325	0.00184766
98.35	0.00184552
98.375	0.00184339
98.4	0.00184125
98.425	0.00183912
98.45	0.00183699
98.475	0.00183486
98.5	0.00183274
98.525	0.00183062
98.55	0.0018285
98.575	0.00182638
98.6	0.00182427
98.625	0.00182216
98.65	0.00182005
98.675	0.00181794
98.7	0.00181583
98.725	0.00181373
98.75	0.00181163
98.775	0.00180954
98.8	0.00180744
98.825	0.00180535
98.85	0.00180326
98.875	0.00180117
98.9	0.00179909
98.925	0.00179701
98.95	0.00179493
98.975	0.00179285
99	0.00179077
99.025	0.0017887
99.05	0.00178663
99.075	0.00178456
99.1	0.0017825
99.125	0.00178043
99.15	0.00177837
99.175	0.00177632
99.2	0.00177426
99.225	0.00177221
99.25	0.00177016
99.275	0.00176811
99.3	0.00176606
99.325	0.00176402
99.35	0.00176198
99.375	0.00175994
99.4	0.0017579
99.425	0.00175587
99.45	0.00175384
99.475	0.00175181
99.5	0.00174978
99.525	0.00174776
99.55	0.00174573
99.575	0.00174371
99.6	0.0017417
99.625	0.00173968
99.65	0.00173767
99.675	0.00173566
99.7	0.00173365
99.725	0.00173164
99.75	0.00172964
99.775	0.00172764
99.8	0.00172564
99.825	0.00172364
99.85	0.00172165
99.875	0.00171966
99.9	0.00171767
99.925	0.00171568
99.95	0.0017137
99.975	0.00171172
100	0.00170974
