label:soma.v(.5)
4001
0	0
0.025	0
0.05	0
0.075	0
0.1	0
0.125	0
0.15	0
0.175	0
0.2	0
0.225	0
0.25	0
0.275	0
0.3	0
0.325	0
0.35	0
0.375	0
0.4	0
0.425	0
0.45	0
0.475	0
0.5	0
0.525	0
0.55	0
0.575	0
0.6	0
0.625	0
0.65	0
0.675	0
0.7	0
0.725	0
0.75	0
0.775	0
0.8	0
0.825	0
0.85	0
0.875	0
0.9	0
0.925	0
0.95	0
0.975	0
1	0
1.025	0
1.05	3.73191e-11
1.075	3.7587e-10
1.1	2.03242e-09
1.125	7.83871e-09
1.15	2.41801e-08
1.175	6.34423e-08
1.2	1.47073e-07
1.225	3.09065e-07
1.25	5.99593e-07
1.275	1.08854e-06
1.3	1.86864e-06
1.325	3.05803e-06
1.35	4.80211e-06
1.375	7.27453e-06
1.4	1.06774e-05
1.425	1.52408e-05
1.45	2.12212e-05
1.475	2.88999e-05
1.5	3.85803e-05
1.525	5.05854e-05
1.55	6.52543e-05
1.575	8.29393e-05
1.6	0.000104003
1.625	0.000128813
1.65	0.000157742
1.675	0.000191163
1.7	0.000229444
1.725	0.000272951
1.75	0.000322039
1.775	0.000377057
1.8	0.00043834
1.825	0.000506209
1.85	0.000580973
1.875	0.000662922
1.9	0.000752331
1.925	0.000849458
1.95	0.000954541
1.975	0.0010678
2	0.00118944
2.025	0.00131964
2.05	0.00145857
2.075	0.00160638
2.1	0.00176318
2.125	0.0019291
2.15	0.00210422
2.175	0.00228863
2.2	0.00248238
2.225	0.00268551
2.25	0.00289806
2.275	0.00312003
2.3	0.00335144
2.325	0.00359226
2.35	0.00384248
2.375	0.00410205
2.4	0.00437093
2.425	0.00464906
2.45	0.00493638
2.475	0.00523279
2.5	0.00553823
2.525	0.00585258
2.55	0.00617576
2.575	0.00650765
2.6	0.00684814
2.625	0.00719711
2.65	0.00755443
2.675	0.00791997
2.7	0.00829359
2.725	0.00867516
2.75	0.00906453
2.775	0.00946155
2.8	0.00986609
2.825	0.010278
2.85	0.0106971
2.875	0.0111232
2.9	0.0115562
2.925	0.011996
2.95	0.0124423
2.975	0.012895
3	0.013354
3.025	0.0138191
3.05	0.0142901
3.075	0.0147669
3.1	0.0152492
3.125	0.0157371
3.15	0.0162302
3.175	0.0167284
3.2	0.0172316
3.225	0.0177396
3.25	0.0182523
3.275	0.0187695
3.3	0.019291
3.325	0.0198168
3.35	0.0203466
3.375	0.0208802
3.4	0.0214176
3.425	0.0219587
3.45	0.0225032
3.475	0.023051
3.5	0.0236019
3.525	0.024156
3.55	0.0247129
3.575	0.0252725
3.6	0.0258349
3.625	0.0263997
3.65	0.0269668
3.675	0.0275363
3.7	0.0281078
3.725	0.0286813
3.75	0.0292567
3.775	0.0298339
3.8	0.0304127
3.825	0.030993
3.85	0.0315747
3.875	0.0321577
3.9	0.0327419
3.925	0.0333272
3.95	0.0339135
3.975	0.0345006
4	0.0350884
4.025	0.035677
4.05	0.0362661
4.075	0.0368556
4.1	0.0374456
4.125	0.0380358
4.15	0.0386263
4.175	0.0392168
4.2	0.0398073
4.225	0.0403978
4.25	0.0409881
4.275	0.0415782
4.3	0.042168
4.325	0.0427573
4.35	0.0433462
4.375	0.0439346
4.4	0.0445223
4.425	0.0451094
4.45	0.0456956
4.475	0.0462811
4.5	0.0468656
4.525	0.0474492
4.55	0.0480318
4.575	0.0486133
4.6	0.0491936
4.625	0.0497727
4.65	0.0503505
4.675	0.050927
4.7	0.0515021
4.725	0.0520758
4.75	0.052648
4.775	0.0532186
4.8	0.0537877
4.825	0.0543551
4.85	0.0549208
4.875	0.0554847
4.9	0.0560469
4.925	0.0566073
4.95	0.0571658
4.975	0.0577224
5	0.058277
5.025	0.0588296
5.05	0.0593802
5.075	0.0599288
5.1	0.0604752
5.125	0.0610195
5.15	0.0615616
5.175	0.0621015
5.2	0.0626391
5.225	0.0631745
5.25	0.0637076
5.275	0.0642383
5.3	0.0647667
5.325	0.0652927
5.35	0.0658163
5.375	0.0663374
5.4	0.066856
5.425	0.0673722
5.45	0.0678858
5.475	0.0683969
5.5	0.0689055
5.525	0.0694115
5.55	0.0699148
5.575	0.0704155
5.6	0.0709136
5.625	0.0714091
5.65	0.0719018
5.675	0.0723919
5.7	0.0728792
5.725	0.0733638
5.75	0.0738457
5.775	0.0743249
5.8	0.0748012
5.825	0.0752748
5.85	0.0757456
5.875	0.0762135
5.9	0.0766787
5.925	0.077141
5.95	0.0776005
5.975	0.0780572
6	0.078511
6.025	0.0789619
6.05	0.0794099
6.075	0.0798551
6.1	0.0802974
6.125	0.0807368
6.15	0.0811733
6.175	0.0816069
6.2	0.0820376
6.225	0.0824653
6.25	0.0828902
6.275	0.0833121
6.3	0.0837311
6.325	0.0841472
6.35	0.0845604
6.375	0.0849706
6.4	0.0853779
6.425	0.0857822
6.45	0.0861837
6.475	0.0865821
6.5	0.0869777
6.525	0.0873703
6.55	0.08776
6.575	0.0881467
6.6	0.0885306
6.625	0.0889114
6.65	0.0892894
6.675	0.0896644
6.7	0.0900365
6.725	0.0904057
6.75	0.090772
6.775	0.0911353
6.8	0.0914958
6.825	0.0918533
6.85	0.0922079
6.875	0.0925596
6.9	0.0929085
6.925	0.0932544
6.95	0.0935975
6.975	0.0939376
7	0.0942749
7.025	0.0946094
7.05	0.094941
7.075	0.0952697
7.1	0.0955955
7.125	0.0959186
7.15	0.0962388
7.175	0.0965561
7.2	0.0968707
7.225	0.0971824
7.25	0.0974913
7.275	0.0977975
7.3	0.0981008
7.325	0.0984013
7.35	0.0986991
7.375	0.0989941
7.4	0.0992864
7.425	0.0995759
7.45	0.0998626
7.475	0.100147
7.5	0.100428
7.525	0.100707
7.55	0.100982
7.575	0.101256
7.6	0.101526
7.625	0.101794
7.65	0.102059
7.675	0.102322
7.7	0.102582
7.725	0.102839
7.75	0.103093
7.775	0.103345
7.8	0.103595
7.825	0.103842
7.85	0.104086
7.875	0.104327
7.9	0.104567
7.925	0.104803
7.95	0.105037
7.975	0.105269
8	0.105497
8.025	0.105724
8.05	0.105948
8.075	0.106169
8.1	0.106388
8.125	0.106605
8.15	0.106819
8.175	0.10703
8.2	0.10724
8.225	0.107446
8.25	0.107651
8.275	0.107853
8.3	0.108052
8.325	0.10825
8.35	0.108444
8.375	0.108637
8.4	0.108827
8.425	0.109015
8.45	0.109201
8.475	0.109384
8.5	0.109565
8.525	0.109743
8.55	0.10992
8.575	0.110094
8.6	0.110266
8.625	0.110436
8.65	0.110603
8.675	0.110768
8.7	0.110932
8.725	0.111092
8.75	0.111251
8.775	0.111408
8.8	0.111562
8.825	0.111715
8.85	0.111865
8.875	0.112013
8.9	0.112159
8.925	0.112303
8.95	0.112444
8.975	0.112584
9	0.112722
9.025	0.112858
9.05	0.112991
9.075	0.113123
9.1	0.113253
9.125	0.11338
9.15	0.113506
9.175	0.11363
9.2	0.113751
9.225	0.113871
9.25	0.113989
9.275	0.114105
9.3	0.114219
9.325	0.114331
9.35	0.114442
9.375	0.11455
9.4	0.114657
9.425	0.114761
9.45	0.114864
9.475	0.114965
9.5	0.115065
9.525	0.115162
9.55	0.115258
9.575	0.115352
9.6	0.115444
9.625	0.115534
9.65	0.115623
9.675	0.11571
9.7	0.115795
9.725	0.115878
9.75	0.11596
9.775	0.11604
9.8	0.116119
9.825	0.116195
9.85	0.116271
9.875	0.116344
9.9	0.116416
9.925	0.116486
9.95	0.116555
9.975	0.116622
10	0.116687
10.025	0.116751
10.05	0.116813
10.075	0.116874
10.1	0.116933
10.125	0.116991
10.15	0.117047
10.175	0.117102
10.2	0.117155
10.225	0.117207
10.25	0.117257
10.275	0.117306
10.3	0.117353
10.325	0.117399
10.35	0.117443
10.375	0.117486
10.4	0.117528
10.425	0.117568
10.45	0.117607
10.475	0.117644
10.5	0.11768
10.525	0.117715
10.55	0.117748
10.575	0.11778
10.6	0.11781
10.625	0.11784
10.65	0.117868
10.675	0.117894
10.7	0.11792
10.725	0.117944
10.75	0.117967
10.775	0.117988
10.8	0.118009
10.825	0.118028
10.85	0.118045
10.875	0.118062
10.9	0.118078
10.925	0.118092
10.95	0.118105
10.975	0.118116
11	0.118127
11.025	0.118137
11.05	0.118145
11.075	0.118152
11.1	0.118158
11.125	0.118163
11.15	0.118167
11.175	0.118169
11.2	0.118171
11.225	0.118171
11.25	0.118171
11.275	0.118169
11.3	0.118166
11.325	0.118162
11.35	0.118157
11.375	0.118151
11.4	0.118144
11.425	0.118136
11.45	0.118127
11.475	0.118117
11.5	0.118106
11.525	0.118094
11.55	0.118081
11.575	0.118067
11.6	0.118052
11.625	0.118036
11.65	0.118019
11.675	0.118001
11.7	0.117983
11.725	0.117963
11.75	0.117942
11.775	0.117921
11.8	0.117898
11.825	0.117875
11.85	0.117851
11.875	0.117826
11.9	0.1178
11.925	0.117773
11.95	0.117745
11.975	0.117716
12	0.117687
12.025	0.117657
12.05	0.117626
12.075	0.117594
12.1	0.117561
12.125	0.117528
12.15	0.117493
12.175	0.117458
12.2	0.117422
12.225	0.117385
12.25	0.117348
12.275	0.11731
12.3	0.117271
12.325	0.117231
12.35	0.117191
12.375	0.117149
12.4	0.117107
12.425	0.117065
12.45	0.117021
12.475	0.116977
12.5	0.116932
12.525	0.116887
12.55	0.116841
12.575	0.116794
12.6	0.116746
12.625	0.116698
12.65	0.116649
12.675	0.116599
12.7	0.116549
12.725	0.116498
12.75	0.116447
12.775	0.116394
12.8	0.116342
12.825	0.116288
12.85	0.116234
12.875	0.116179
12.9	0.116124
12.925	0.116068
12.95	0.116012
12.975	0.115955
13	0.115897
13.025	0.115839
13.05	0.11578
13.075	0.115721
13.1	0.115661
13.125	0.1156
13.15	0.115539
13.175	0.115478
13.2	0.115416
13.225	0.115353
13.25	0.11529
13.275	0.115226
13.3	0.115162
13.325	0.115097
13.35	0.115032
13.375	0.114966
13.4	0.1149
13.425	0.114833
13.45	0.114766
13.475	0.114699
13.5	0.11463
13.525	0.114562
13.55	0.114493
13.575	0.114423
13.6	0.114353
13.625	0.114283
13.65	0.114212
13.675	0.11414
13.7	0.114069
13.725	0.113996
13.75	0.113924
13.775	0.113851
13.8	0.113777
13.825	0.113703
13.85	0.113629
13.875	0.113554
13.9	0.113479
13.925	0.113403
13.95	0.113327
13.975	0.113251
14	0.113174
14.025	0.113097
14.05	0.11302
14.075	0.112942
14.1	0.112864
14.125	0.112785
14.15	0.112706
14.175	0.112627
14.2	0.112547
14.225	0.112468
14.25	0.112387
14.275	0.112307
14.3	0.112226
14.325	0.112144
14.35	0.112063
14.375	0.111981
14.4	0.111898
14.425	0.111816
14.45	0.111733
14.475	0.11165
14.5	0.111566
14.525	0.111482
14.55	0.111398
14.575	0.111314
14.6	0.111229
14.625	0.111144
14.65	0.111059
14.675	0.110973
14.7	0.110887
14.725	0.110801
14.75	0.110715
14.775	0.110628
14.8	0.110541
14.825	0.110454
14.85	0.110367
14.875	0.110279
14.9	0.110191
14.925	0.110103
14.95	0.110014
14.975	0.109926
15	0.109837
15.025	0.109748
15.05	0.109658
15.075	0.109569
15.1	0.109479
15.125	0.109389
15.15	0.109299
15.175	0.109208
15.2	0.109118
15.225	0.109027
15.25	0.108936
15.275	0.108844
15.3	0.108753
15.325	0.108661
15.35	0.108569
15.375	0.108477
15.4	0.108385
15.425	0.108292
15.45	0.1082
15.475	0.108107
15.5	0.108014
15.525	0.107921
15.55	0.107827
15.575	0.107734
15.6	0.10764
15.625	0.107546
15.65	0.107452
15.675	0.107358
15.7	0.107264
15.725	0.107169
15.75	0.107075
15.775	0.10698
15.8	0.106885
15.825	0.10679
15.85	0.106695
15.875	0.106599
15.9	0.106504
15.925	0.106408
15.95	0.106312
15.975	0.106217
16	0.106121
16.025	0.106024
16.05	0.105928
16.075	0.105832
16.1	0.105735
16.125	0.105638
16.15	0.105542
16.175	0.105445
16.2	0.105348
16.225	0.105251
16.25	0.105154
16.275	0.105056
16.3	0.104959
16.325	0.104861
16.35	0.104764
16.375	0.104666
16.4	0.104568
16.425	0.10447
16.45	0.104372
16.475	0.104274
16.5	0.104176
16.525	0.104078
16.55	0.10398
16.575	0.103881
16.6	0.103783
16.625	0.103684
16.65	0.103585
16.675	0.103487
16.7	0.103388
16.725	0.103289
16.75	0.10319
16.775	0.103091
16.8	0.102992
16.825	0.102893
16.85	0.102794
16.875	0.102694
16.9	0.102595
16.925	0.102496
16.95	0.102396
16.975	0.102297
17	0.102197
17.025	0.102098
17.05	0.101998
17.075	0.101898
17.1	0.101799
17.125	0.101699
17.15	0.101599
17.175	0.101499
17.2	0.101399
17.225	0.101299
17.25	0.101199
17.275	0.101099
17.3	0.100999
17.325	0.100899
17.35	0.100799
17.375	0.100699
17.4	0.100599
17.425	0.100499
17.45	0.100398
17.475	0.100298
17.5	0.100198
17.525	0.100097
17.55	0.0999971
17.575	0.0998968
17.6	0.0997964
17.625	0.0996961
17.65	0.0995957
17.675	0.0994953
17.7	0.0993948
17.725	0.0992944
17.75	0.099194
17.775	0.0990935
17.8	0.0989931
17.825	0.0988926
17.85	0.0987921
17.875	0.0986916
17.9	0.0985912
17.925	0.0984907
17.95	0.0983902
17.975	0.0982897
18	0.0981892
18.025	0.0980887
18.05	0.0979882
18.075	0.0978878
18.1	0.0977873
18.125	0.0976868
18.15	0.0975863
18.175	0.0974859
18.2	0.0973855
18.225	0.097285
18.25	0.0971846
18.275	0.0970842
18.3	0.0969838
18.325	0.0968834
18.35	0.096783
18.375	0.0966827
18.4	0.0965823
18.425	0.096482
18.45	0.0963817
18.475	0.0962814
18.5	0.0961812
18.525	0.0960809
18.55	0.0959807
18.575	0.0958805
18.6	0.0957803
18.625	0.0956802
18.65	0.0955801
18.675	0.09548
18.7	0.0953799
18.725	0.0952799
18.75	0.0951798
18.775	0.0950799
18.8	0.0949799
18.825	0.09488
18.85	0.0947801
18.875	0.0946802
18.9	0.0945804
18.925	0.0944806
18.95	0.0943809
18.975	0.0942812
19	0.0941815
19.025	0.0940818
19.05	0.0939822
19.075	0.0938827
19.1	0.0937831
19.125	0.0936837
19.15	0.0935842
19.175	0.0934848
19.2	0.0933855
19.225	0.0932861
19.25	0.0931869
19.275	0.0930876
19.3	0.0929884
19.325	0.0928893
19.35	0.0927902
19.375	0.0926912
19.4	0.0925922
19.425	0.0924932
19.45	0.0923943
19.475	0.0922954
19.5	0.0921966
19.525	0.0920979
19.55	0.0919992
19.575	0.0919005
19.6	0.0918019
19.625	0.0917034
19.65	0.0916049
19.675	0.0915064
19.7	0.091408
19.725	0.0913097
19.75	0.0912114
19.775	0.0911132
19.8	0.091015
19.825	0.0909169
19.85	0.0908189
19.875	0.0907209
19.9	0.090623
19.925	0.0905251
19.95	0.0904273
19.975	0.0903295
20	0.0902318
20.025	0.0901342
20.05	0.0900366
20.075	0.0899391
20.1	0.0898416
20.125	0.0897442
20.15	0.0896469
20.175	0.0895496
20.2	0.0894524
20.225	0.0893553
20.25	0.0892582
20.275	0.0891612
20.3	0.0890643
20.325	0.0889674
20.35	0.0888706
20.375	0.0887739
20.4	0.0886772
20.425	0.0885806
20.45	0.088484
20.475	0.0883876
20.5	0.0882912
20.525	0.0881948
20.55	0.0880986
20.575	0.0880024
20.6	0.0879062
20.625	0.0878102
20.65	0.0877142
20.675	0.0876183
20.7	0.0875224
20.725	0.0874267
20.75	0.087331
20.775	0.0872354
20.8	0.0871398
20.825	0.0870443
20.85	0.0869489
20.875	0.0868536
20.9	0.0867583
20.925	0.0866631
20.95	0.086568
20.975	0.086473
21	0.086378
21.025	0.0862831
21.05	0.0861883
21.075	0.0860936
21.1	0.0859989
21.125	0.0859044
21.15	0.0858098
21.175	0.0857154
21.2	0.0856211
21.225	0.0855268
21.25	0.0854326
21.275	0.0853385
21.3	0.0852444
21.325	0.0851505
21.35	0.0850566
21.375	0.0849628
21.4	0.084869
21.425	0.0847754
21.45	0.0846818
21.475	0.0845883
21.5	0.0844949
21.525	0.0844016
21.55	0.0843084
21.575	0.0842152
21.6	0.0841221
21.625	0.0840291
21.65	0.0839362
21.675	0.0838433
21.7	0.0837506
21.725	0.0836579
21.75	0.0835653
21.775	0.0834728
21.8	0.0833804
21.825	0.083288
21.85	0.0831957
21.875	0.0831036
21.9	0.0830114
21.925	0.0829194
21.95	0.0828275
21.975	0.0827356
22	0.0826439
22.025	0.0825522
22.05	0.0824606
22.075	0.0823691
22.1	0.0822776
22.125	0.0821863
22.15	0.082095
22.175	0.0820038
22.2	0.0819127
22.225	0.0818217
22.25	0.0817308
22.275	0.08164
22.3	0.0815492
22.325	0.0814585
22.35	0.081368
22.375	0.0812775
22.4	0.0811871
22.425	0.0810967
22.45	0.0810065
22.475	0.0809163
22.5	0.0808263
22.525	0.0807363
22.55	0.0806464
22.575	0.0805566
22.6	0.0804669
22.625	0.0803772
22.65	0.0802877
22.675	0.0801982
22.7	0.0801088
22.725	0.0800195
22.75	0.0799303
22.775	0.0798412
22.8	0.0797522
22.825	0.0796632
22.85	0.0795744
22.875	0.0794856
22.9	0.0793969
22.925	0.0793084
22.95	0.0792199
22.975	0.0791314
23	0.0790431
23.025	0.0789549
23.05	0.0788667
23.075	0.0787787
23.1	0.0786907
23.125	0.0786028
23.15	0.078515
23.175	0.0784273
23.2	0.0783397
23.225	0.0782521
23.25	0.0781647
23.275	0.0780773
23.3	0.0779901
23.325	0.0779029
23.35	0.0778158
23.375	0.0777288
23.4	0.0776419
23.425	0.0775551
23.45	0.0774683
23.475	0.0773817
23.5	0.0772951
23.525	0.0772086
23.55	0.0771223
23.575	0.077036
23.6	0.0769498
23.625	0.0768636
23.65	0.0767776
23.675	0.0766917
23.7	0.0766058
23.725	0.0765201
23.75	0.0764344
23.775	0.0763488
23.8	0.0762633
23.825	0.0761779
23.85	0.0760926
23.875	0.0760074
23.9	0.0759223
23.925	0.0758372
23.95	0.0757523
23.975	0.0756674
24	0.0755826
24.025	0.0754979
24.05	0.0754133
24.075	0.0753288
24.1	0.0752444
24.125	0.0751601
24.15	0.0750758
24.175	0.0749917
24.2	0.0749076
24.225	0.0748236
24.25	0.0747397
24.275	0.0746559
24.3	0.0745722
24.325	0.0744886
24.35	0.0744051
24.375	0.0743216
24.4	0.0742383
24.425	0.074155
24.45	0.0740718
24.475	0.0739888
24.5	0.0739058
24.525	0.0738229
24.55	0.07374
24.575	0.0736573
24.6	0.0735747
24.625	0.0734921
24.65	0.0734097
24.675	0.0733273
24.7	0.073245
24.725	0.0731628
24.75	0.0730807
24.775	0.0729987
24.8	0.0729168
24.825	0.0728349
24.85	0.0727532
24.875	0.0726715
24.9	0.0725899
24.925	0.0725085
24.95	0.0724271
24.975	0.0723457
25	0.0722645
25.025	0.0721834
25.05	0.0721024
25.075	0.0720214
25.1	0.0719405
25.125	0.0718598
25.15	0.0717791
25.175	0.0716985
25.2	0.071618
25.225	0.0715375
25.25	0.0714572
25.275	0.071377
25.3	0.0712968
25.325	0.0712167
25.35	0.0711367
25.375	0.0710569
25.4	0.070977
25.425	0.0708973
25.45	0.0708177
25.475	0.0707381
25.5	0.0706587
25.525	0.0705793
25.55	0.0705
25.575	0.0704208
25.6	0.0703417
25.625	0.0702627
25.65	0.0701838
25.675	0.0701049
25.7	0.0700262
25.725	0.0699475
25.75	0.0698689
25.775	0.0697905
25.8	0.0697121
25.825	0.0696337
25.85	0.0695555
25.875	0.0694773
25.9	0.0693993
25.925	0.0693213
25.95	0.0692434
25.975	0.0691656
26	0.0690879
26.025	0.0690103
26.05	0.0689328
26.075	0.0688553
26.1	0.0687779
26.125	0.0687007
26.15	0.0686235
26.175	0.0685464
26.2	0.0684693
26.225	0.0683924
26.25	0.0683156
26.275	0.0682388
26.3	0.0681621
26.325	0.0680855
26.35	0.068009
26.375	0.0679326
26.4	0.0678563
26.425	0.06778
26.45	0.0677039
26.475	0.0676278
26.5	0.0675518
26.525	0.0674759
26.55	0.0674001
26.575	0.0673243
26.6	0.0672487
26.625	0.0671731
26.65	0.0670977
26.675	0.0670223
26.7	0.066947
26.725	0.0668717
26.75	0.0667966
26.775	0.0667215
26.8	0.0666466
26.825	0.0665717
26.85	0.0664969
26.875	0.0664222
26.9	0.0663475
26.925	0.066273
26.95	0.0661985
26.975	0.0661241
27	0.0660498
27.025	0.0659756
27.05	0.0659015
27.075	0.0658275
27.1	0.0657535
27.125	0.0656796
27.15	0.0656058
27.175	0.0655321
27.2	0.0654585
27.225	0.0653849
27.25	0.0653115
27.275	0.0652381
27.3	0.0651648
27.325	0.0650916
27.35	0.0650185
27.375	0.0649454
27.4	0.0648725
27.425	0.0647996
27.45	0.0647268
27.475	0.0646541
27.5	0.0645815
27.525	0.0645089
27.55	0.0644364
27.575	0.0643641
27.6	0.0642918
27.625	0.0642195
27.65	0.0641474
27.675	0.0640754
27.7	0.0640034
27.725	0.0639315
27.75	0.0638597
27.775	0.063788
27.8	0.0637163
27.825	0.0636447
27.85	0.0635733
27.875	0.0635019
27.9	0.0634305
27.925	0.0633593
27.95	0.0632881
27.975	0.0632171
28	0.0631461
28.025	0.0630752
28.05	0.0630043
28.075	0.0629336
28.1	0.0628629
28.125	0.0627923
28.15	0.0627218
28.175	0.0626514
28.2	0.062581
28.225	0.0625107
28.25	0.0624405
28.275	0.0623704
28.3	0.0623004
28.325	0.0622305
28.35	0.0621606
28.375	0.0620908
28.4	0.0620211
28.425	0.0619515
28.45	0.0618819
28.475	0.0618124
28.5	0.061743
28.525	0.0616737
28.55	0.0616045
28.575	0.0615353
28.6	0.0614663
28.625	0.0613973
28.65	0.0613283
28.675	0.0612595
28.7	0.0611907
28.725	0.0611221
28.75	0.0610534
28.775	0.0609849
28.8	0.0609165
28.825	0.0608481
28.85	0.0607798
28.875	0.0607116
28.9	0.0606435
28.925	0.0605754
28.95	0.0605074
28.975	0.0604395
29	0.0603717
29.025	0.060304
29.05	0.0602363
29.075	0.0601687
29.1	0.0601012
29.125	0.0600337
29.15	0.0599664
29.175	0.0598991
29.2	0.0598319
29.225	0.0597648
29.25	0.0596977
29.275	0.0596307
29.3	0.0595638
29.325	0.059497
29.35	0.0594303
29.375	0.0593636
29.4	0.059297
29.425	0.0592305
29.45	0.0591641
29.475	0.0590977
29.5	0.0590314
29.525	0.0589652
29.55	0.0588991
29.575	0.058833
29.6	0.058767
29.625	0.0587011
29.65	0.0586353
29.675	0.0585695
29.7	0.0585038
29.725	0.0584382
29.75	0.0583727
29.775	0.0583072
29.8	0.0582418
29.825	0.0581765
29.85	0.0581113
29.875	0.0580461
29.9	0.0579811
29.925	0.0579161
29.95	0.0578511
29.975	0.0577863
30	0.0577215
30.025	0.0576568
30.05	0.0575921
30.075	0.0575276
30.1	0.0574631
30.125	0.0573987
30.15	0.0573343
30.175	0.05727
30.2	0.0572058
30.225	0.0571417
30.25	0.0570777
30.275	0.0570137
30.3	0.0569498
30.325	0.056886
30.35	0.0568222
30.375	0.0567585
30.4	0.0566949
30.425	0.0566314
30.45	0.0565679
30.475	0.0565045
30.5	0.0564412
30.525	0.056378
30.55	0.0563148
30.575	0.0562517
30.6	0.0561887
30.625	0.0561257
30.65	0.0560628
30.675	0.056
30.7	0.0559373
30.725	0.0558746
30.75	0.055812
30.775	0.0557495
30.8	0.055687
30.825	0.0556247
30.85	0.0555623
30.875	0.0555001
30.9	0.0554379
30.925	0.0553758
30.95	0.0553138
30.975	0.0552519
31	0.05519
31.025	0.0551282
31.05	0.0550664
31.075	0.0550048
31.1	0.0549432
31.125	0.0548816
31.15	0.0548202
31.175	0.0547588
31.2	0.0546975
31.225	0.0546362
31.25	0.054575
31.275	0.0545139
31.3	0.0544529
31.325	0.0543919
31.35	0.054331
31.375	0.0542702
31.4	0.0542094
31.425	0.0541487
31.45	0.0540881
31.475	0.0540276
31.5	0.0539671
31.525	0.0539067
31.55	0.0538463
31.575	0.0537861
31.6	0.0537258
31.625	0.0536657
31.65	0.0536056
31.675	0.0535456
31.7	0.0534857
31.725	0.0534259
31.75	0.0533661
31.775	0.0533063
31.8	0.0532467
31.825	0.0531871
31.85	0.0531276
31.875	0.0530681
31.9	0.0530087
31.925	0.0529494
31.95	0.0528902
31.975	0.052831
32	0.0527719
32.025	0.0527128
32.05	0.0526538
32.075	0.0525949
32.1	0.0525361
32.125	0.0524773
32.15	0.0524186
32.175	0.05236
32.2	0.0523014
32.225	0.0522429
32.25	0.0521844
32.275	0.0521261
32.3	0.0520678
32.325	0.0520095
32.35	0.0519513
32.375	0.0518932
32.4	0.0518352
32.425	0.0517772
32.45	0.0517193
32.475	0.0516615
32.5	0.0516037
32.525	0.051546
32.55	0.0514883
32.575	0.0514308
32.6	0.0513732
32.625	0.0513158
32.65	0.0512584
32.675	0.0512011
32.7	0.0511438
32.725	0.0510867
32.75	0.0510295
32.775	0.0509725
32.8	0.0509155
32.825	0.0508586
32.85	0.0508017
32.875	0.0507449
32.9	0.0506882
32.925	0.0506315
32.95	0.0505749
32.975	0.0505184
33	0.0504619
33.025	0.0504055
33.05	0.0503492
33.075	0.0502929
33.1	0.0502367
33.125	0.0501805
33.15	0.0501244
33.175	0.0500684
33.2	0.0500124
33.225	0.0499565
33.25	0.0499007
33.275	0.049845
33.3	0.0497892
33.325	0.0497336
33.35	0.049678
33.375	0.0496225
33.4	0.0495671
33.425	0.0495117
33.45	0.0494564
33.475	0.0494011
33.5	0.0493459
33.525	0.0492908
33.55	0.0492357
33.575	0.0491807
33.6	0.0491257
33.625	0.0490709
33.65	0.049016
33.675	0.0489613
33.7	0.0489066
33.725	0.0488519
33.75	0.0487974
33.775	0.0487429
33.8	0.0486884
33.825	0.048634
33.85	0.0485797
33.875	0.0485254
33.9	0.0484712
33.925	0.0484171
33.95	0.048363
33.975	0.048309
34	0.048255
34.025	0.0482012
34.05	0.0481473
34.075	0.0480935
34.1	0.0480398
34.125	0.0479862
34.15	0.0479326
34.175	0.0478791
34.2	0.0478256
34.225	0.0477722
34.25	0.0477189
34.275	0.0476656
34.3	0.0476124
34.325	0.0475592
34.35	0.0475061
34.375	0.0474531
34.4	0.0474001
34.425	0.0473472
34.45	0.0472943
34.475	0.0472415
34.5	0.0471888
34.525	0.0471361
34.55	0.0470835
34.575	0.0470309
34.6	0.0469784
34.625	0.046926
34.65	0.0468736
34.675	0.0468213
34.7	0.046769
34.725	0.0467168
34.75	0.0466646
34.775	0.0466126
34.8	0.0465605
34.825	0.0465086
34.85	0.0464567
34.875	0.0464048
34.9	0.046353
34.925	0.0463013
34.95	0.0462496
34.975	0.046198
35	0.0461465
35.025	0.046095
35.05	0.0460435
35.075	0.0459921
35.1	0.0459408
35.125	0.0458896
35.15	0.0458383
35.175	0.0457872
35.2	0.0457361
35.225	0.0456851
35.25	0.0456341
35.275	0.0455832
35.3	0.0455323
35.325	0.0454815
35.35	0.0454308
35.375	0.0453801
35.4	0.0453295
35.425	0.0452789
35.45	0.0452284
35.475	0.045178
35.5	0.0451276
35.525	0.0450772
35.55	0.0450269
35.575	0.0449767
35.6	0.0449265
35.625	0.0448764
35.65	0.0448264
35.675	0.0447764
35.7	0.0447264
35.725	0.0446765
35.75	0.0446267
35.775	0.0445769
35.8	0.0445272
35.825	0.0444776
35.85	0.044428
35.875	0.0443784
35.9	0.0443289
35.925	0.0442795
35.95	0.0442301
35.975	0.0441808
36	0.0441315
36.025	0.0440823
36.05	0.0440331
36.075	0.043984
36.1	0.043935
36.125	0.043886
36.15	0.0438371
36.175	0.0437882
36.2	0.0437394
36.225	0.0436906
36.25	0.0436419
36.275	0.0435932
36.3	0.0435446
36.325	0.0434961
36.35	0.0434476
36.375	0.0433992
36.4	0.0433508
36.425	0.0433025
36.45	0.0432542
36.475	0.043206
36.5	0.0431578
36.525	0.0431097
36.55	0.0430616
36.575	0.0430136
36.6	0.0429657
36.625	0.0429178
36.65	0.0428699
36.675	0.0428222
36.7	0.0427744
36.725	0.0427268
36.75	0.0426791
36.775	0.0426316
36.8	0.0425841
36.825	0.0425366
36.85	0.0424892
36.875	0.0424418
36.9	0.0423945
36.925	0.0423473
36.95	0.0423001
36.975	0.0422529
37	0.0422059
37.025	0.0421588
37.05	0.0421118
37.075	0.0420649
37.1	0.042018
37.125	0.0419712
37.15	0.0419245
37.175	0.0418777
37.2	0.0418311
37.225	0.0417845
37.25	0.0417379
37.275	0.0416914
37.3	0.0416449
37.325	0.0415985
37.35	0.0415522
37.375	0.0415059
37.4	0.0414597
37.425	0.0414135
37.45	0.0413673
37.475	0.0413212
37.5	0.0412752
37.525	0.0412292
37.55	0.0411833
37.575	0.0411374
37.6	0.0410916
37.625	0.0410458
37.65	0.0410001
37.675	0.0409544
37.7	0.0409088
37.725	0.0408632
37.75	0.0408177
37.775	0.0407722
37.8	0.0407268
37.825	0.0406815
37.85	0.0406361
37.875	0.0405909
37.9	0.0405457
37.925	0.0405005
37.95	0.0404554
37.975	0.0404103
38	0.0403653
38.025	0.0403204
38.05	0.0402755
38.075	0.0402306
38.1	0.0401858
38.125	0.040141
38.15	0.0400963
38.175	0.0400517
38.2	0.0400071
38.225	0.0399625
38.25	0.039918
38.275	0.0398736
38.3	0.0398292
38.325	0.0397848
38.35	0.0397405
38.375	0.0396963
38.4	0.0396521
38.425	0.0396079
38.45	0.0395638
38.475	0.0395198
38.5	0.0394758
38.525	0.0394318
38.55	0.0393879
38.575	0.039344
38.6	0.0393002
38.625	0.0392565
38.65	0.0392128
38.675	0.0391691
38.7	0.0391255
38.725	0.0390819
38.75	0.0390384
38.775	0.038995
38.8	0.0389515
38.825	0.0389082
38.85	0.0388649
38.875	0.0388216
38.9	0.0387784
38.925	0.0387352
38.95	0.0386921
38.975	0.038649
39	0.038606
39.025	0.038563
39.05	0.0385201
39.075	0.0384772
39.1	0.0384344
39.125	0.0383916
39.15	0.0383489
39.175	0.0383062
39.2	0.0382635
39.225	0.0382209
39.25	0.0381784
39.275	0.0381359
39.3	0.0380935
39.325	0.0380511
39.35	0.0380087
39.375	0.0379664
39.4	0.0379241
39.425	0.0378819
39.45	0.0378398
39.475	0.0377977
39.5	0.0377556
39.525	0.0377136
39.55	0.0376716
39.575	0.0376297
39.6	0.0375878
39.625	0.037546
39.65	0.0375042
39.675	0.0374624
39.7	0.0374207
39.725	0.0373791
39.75	0.0373375
39.775	0.037296
39.8	0.0372545
39.825	0.037213
39.85	0.0371716
39.875	0.0371302
39.9	0.0370889
39.925	0.0370476
39.95	0.0370064
39.975	0.0369652
40	0.0369241
40.025	0.036883
40.05	0.036842
40.075	0.036801
40.1	0.03676
40.125	0.0367191
40.15	0.0366783
40.175	0.0366375
40.2	0.0365967
40.225	0.036556
40.25	0.0365153
40.275	0.0364747
40.3	0.0364341
40.325	0.0363936
40.35	0.0363531
40.375	0.0363126
40.4	0.0362722
40.425	0.0362319
40.45	0.0361916
40.475	0.0361513
40.5	0.0361111
40.525	0.0360709
40.55	0.0360308
40.575	0.0359907
40.6	0.0359507
40.625	0.0359107
40.65	0.0358707
40.675	0.0358308
40.7	0.035791
40.725	0.0357511
40.75	0.0357114
40.775	0.0356716
40.8	0.035632
40.825	0.0355923
40.85	0.0355527
40.875	0.0355132
40.9	0.0354737
40.925	0.0354342
40.95	0.0353948
40.975	0.0353554
41	0.0353161
41.025	0.0352768
41.05	0.0352376
41.075	0.0351984
41.1	0.0351593
41.125	0.0351202
41.15	0.0350811
41.175	0.0350421
41.2	0.0350031
41.225	0.0349642
41.25	0.0349253
41.275	0.0348864
41.3	0.0348476
41.325	0.0348089
41.35	0.0347702
41.375	0.0347315
41.4	0.0346929
41.425	0.0346543
41.45	0.0346157
41.475	0.0345772
41.5	0.0345388
41.525	0.0345004
41.55	0.034462
41.575	0.0344237
41.6	0.0343854
41.625	0.0343472
41.65	0.034309
41.675	0.0342708
41.7	0.0342327
41.725	0.0341946
41.75	0.0341566
41.775	0.0341186
41.8	0.0340807
41.825	0.0340428
41.85	0.0340049
41.875	0.0339671
41.9	0.0339294
41.925	0.0338916
41.95	0.0338539
41.975	0.0338163
42	0.0337787
42.025	0.0337411
42.05	0.0337036
42.075	0.0336661
42.1	0.0336287
42.125	0.0335913
42.15	0.033554
42.175	0.0335167
42.2	0.0334794
42.225	0.0334422
42.25	0.033405
42.275	0.0333678
42.3	0.0333307
42.325	0.0332937
42.35	0.0332567
42.375	0.0332197
42.4	0.0331828
42.425	0.0331459
42.45	0.033109
42.475	0.0330722
42.5	0.0330354
42.525	0.0329987
42.55	0.032962
42.575	0.0329254
42.6	0.0328888
42.625	0.0328522
42.65	0.0328157
42.675	0.0327792
42.7	0.0327428
42.725	0.0327064
42.75	0.03267
42.775	0.0326337
42.8	0.0325974
42.825	0.0325612
42.85	0.032525
42.875	0.0324888
42.9	0.0324527
42.925	0.0324166
42.95	0.0323806
42.975	0.0323446
43	0.0323086
43.025	0.0322727
43.05	0.0322368
43.075	0.032201
43.1	0.0321652
43.125	0.0321295
43.15	0.0320937
43.175	0.0320581
43.2	0.0320224
43.225	0.0319868
43.25	0.0319513
43.275	0.0319158
43.3	0.0318803
43.325	0.0318449
43.35	0.0318095
43.375	0.0317741
43.4	0.0317388
43.425	0.0317035
43.45	0.0316683
43.475	0.0316331
43.5	0.0315979
43.525	0.0315628
43.55	0.0315277
43.575	0.0314927
43.6	0.0314577
43.625	0.0314227
43.65	0.0313878
43.675	0.0313529
43.7	0.031318
43.725	0.0312832
43.75	0.0312485
43.775	0.0312137
43.8	0.031179
43.825	0.0311444
43.85	0.0311098
43.875	0.0310752
43.9	0.0310407
43.925	0.0310062
43.95	0.0309717
43.975	0.0309373
44	0.0309029
44.025	0.0308686
44.05	0.0308343
44.075	0.0308
44.1	0.0307658
44.125	0.0307316
44.15	0.0306974
44.175	0.0306633
44.2	0.0306292
44.225	0.0305952
44.25	0.0305612
44.275	0.0305272
44.3	0.0304933
44.325	0.0304594
44.35	0.0304256
44.375	0.0303918
44.4	0.030358
44.425	0.0303242
44.45	0.0302905
44.475	0.0302569
44.5	0.0302233
44.525	0.0301897
44.55	0.0301561
44.575	0.0301226
44.6	0.0300891
44.625	0.0300557
44.65	0.0300223
44.675	0.029989
44.7	0.0299556
44.725	0.0299223
44.75	0.0298891
44.775	0.0298559
44.8	0.0298227
44.825	0.0297896
44.85	0.0297565
44.875	0.0297234
44.9	0.0296904
44.925	0.0296574
44.95	0.0296244
44.975	0.0295915
45	0.0295586
45.025	0.0295258
45.05	0.029493
45.075	0.0294602
45.1	0.0294275
45.125	0.0293948
45.15	0.0293621
45.175	0.0293295
45.2	0.0292969
45.225	0.0292644
45.25	0.0292318
45.275	0.0291994
45.3	0.0291669
45.325	0.0291345
45.35	0.0291021
45.375	0.0290698
45.4	0.0290375
45.425	0.0290053
45.45	0.028973
45.475	0.0289408
45.5	0.0289087
45.525	0.0288766
45.55	0.0288445
45.575	0.0288124
45.6	0.0287804
45.625	0.0287484
45.65	0.0287165
45.675	0.0286846
45.7	0.0286527
45.725	0.0286209
45.75	0.0285891
45.775	0.0285573
45.8	0.0285256
45.825	0.0284939
45.85	0.0284623
45.875	0.0284306
45.9	0.0283991
45.925	0.0283675
45.95	0.028336
45.975	0.0283045
46	0.0282731
46.025	0.0282417
46.05	0.0282103
46.075	0.028179
46.1	0.0281476
46.125	0.0281164
46.15	0.0280851
46.175	0.0280539
46.2	0.0280228
46.225	0.0279916
46.25	0.0279606
46.275	0.0279295
46.3	0.0278985
46.325	0.0278675
46.35	0.0278365
46.375	0.0278056
46.4	0.0277747
46.425	0.0277438
46.45	0.027713
46.475	0.0276822
46.5	0.0276515
46.525	0.0276208
46.55	0.0275901
46.575	0.0275594
46.6	0.0275288
46.625	0.0274983
46.65	0.0274677
46.675	0.0274372
46.7	0.0274067
46.725	0.0273763
46.75	0.0273459
46.775	0.0273155
46.8	0.0272851
46.825	0.0272548
46.85	0.0272246
46.875	0.0271943
46.9	0.0271641
46.925	0.0271339
46.95	0.0271038
46.975	0.0270737
47	0.0270436
47.025	0.0270136
47.05	0.0269836
47.075	0.0269536
47.1	0.0269237
47.125	0.0268938
47.15	0.0268639
47.175	0.026834
47.2	0.0268042
47.225	0.0267745
47.25	0.0267447
47.275	0.026715
47.3	0.0266853
47.325	0.0266557
47.35	0.0266261
47.375	0.0265965
47.4	0.026567
47.425	0.0265375
47.45	0.026508
47.475	0.0264786
47.5	0.0264491
47.525	0.0264198
47.55	0.0263904
47.575	0.0263611
47.6	0.0263318
47.625	0.0263026
47.65	0.0262734
47.675	0.0262442
47.7	0.026215
47.725	0.0261859
47.75	0.0261568
47.775	0.0261278
47.8	0.0260988
47.825	0.0260698
47.85	0.0260408
47.875	0.0260119
47.9	0.025983
47.925	0.0259542
47.95	0.0259253
47.975	0.0258965
48	0.0258678
48.025	0.0258391
48.05	0.0258104
48.075	0.0257817
48.1	0.0257531
48.125	0.0257245
48.15	0.0256959
48.175	0.0256673
48.2	0.0256388
48.225	0.0256104
48.25	0.0255819
48.275	0.0255535
48.3	0.0255251
48.325	0.0254968
48.35	0.0254685
48.375	0.0254402
48.4	0.0254119
48.425	0.0253837
48.45	0.0253555
48.475	0.0253274
48.5	0.0252992
48.525	0.0252711
48.55	0.0252431
48.575	0.025215
48.6	0.025187
48.625	0.0251591
48.65	0.0251311
48.675	0.0251032
48.7	0.0250753
48.725	0.0250475
48.75	0.0250197
48.775	0.0249919
48.8	0.0249641
48.825	0.0249364
48.85	0.0249087
48.875	0.024881
48.9	0.0248534
48.925	0.0248258
48.95	0.0247982
48.975	0.0247707
49	0.0247432
49.025	0.0247157
49.05	0.0246883
49.075	0.0246609
49.1	0.0246335
49.125	0.0246061
49.15	0.0245788
49.175	0.0245515
49.2	0.0245242
49.225	0.024497
49.25	0.0244698
49.275	0.0244426
49.3	0.0244155
49.325	0.0243884
49.35	0.0243613
49.375	0.0243342
49.4	0.0243072
49.425	0.0242802
49.45	0.0242533
49.475	0.0242263
49.5	0.0241994
49.525	0.0241725
49.55	0.0241457
49.575	0.0241189
49.6	0.0240921
49.625	0.0240654
49.65	0.0240386
49.675	0.0240119
49.7	0.0239853
49.725	0.0239586
49.75	0.023932
49.775	0.0239055
49.8	0.0238789
49.825	0.0238524
49.85	0.0238259
49.875	0.0237995
49.9	0.023773
49.925	0.0237466
49.95	0.0237203
49.975	0.0236939
50	0.0236676
50.025	0.0236413
50.05	0.0236151
50.075	0.0235889
50.1	0.0235627
50.125	0.0235365
50.15	0.0235104
50.175	0.0234843
50.2	0.0234582
50.225	0.0234321
50.25	0.0234061
50.275	0.0233801
50.3	0.0233542
50.325	0.0233282
50.35	0.0233023
50.375	0.0232765
50.4	0.0232506
50.425	0.0232248
50.45	0.023199
50.475	0.0231732
50.5	0.0231475
50.525	0.0231218
50.55	0.0230961
50.575	0.0230705
50.6	0.0230449
50.625	0.0230193
50.65	0.0229937
50.675	0.0229682
50.7	0.0229427
50.725	0.0229172
50.75	0.0228918
50.775	0.0228663
50.8	0.022841
50.825	0.0228156
50.85	0.0227903
50.875	0.022765
50.9	0.0227397
50.925	0.0227144
50.95	0.0226892
50.975	0.022664
51	0.0226389
51.025	0.0226137
51.05	0.0225886
51.075	0.0225635
51.1	0.0225385
51.125	0.0225135
51.15	0.0224885
51.175	0.0224635
51.2	0.0224385
51.225	0.0224136
51.25	0.0223887
51.275	0.0223639
51.3	0.0223391
51.325	0.0223143
51.35	0.0222895
51.375	0.0222647
51.4	0.02224
51.425	0.0222153
51.45	0.0221906
51.475	0.022166
51.5	0.0221414
51.525	0.0221168
51.55	0.0220923
51.575	0.0220677
51.6	0.0220432
51.625	0.0220188
51.65	0.0219943
51.675	0.0219699
51.7	0.0219455
51.725	0.0219211
51.75	0.0218968
51.775	0.0218725
51.8	0.0218482
51.825	0.0218239
51.85	0.0217997
51.875	0.0217755
51.9	0.0217513
51.925	0.0217272
51.95	0.0217031
51.975	0.021679
52	0.0216549
52.025	0.0216308
52.05	0.0216068
52.075	0.0215828
52.1	0.0215589
52.125	0.0215349
52.15	0.021511
52.175	0.0214872
52.2	0.0214633
52.225	0.0214395
52.25	0.0214157
52.275	0.0213919
52.3	0.0213681
52.325	0.0213444
52.35	0.0213207
52.375	0.021297
52.4	0.0212734
52.425	0.0212498
52.45	0.0212262
52.475	0.0212026
52.5	0.0211791
52.525	0.0211556
52.55	0.0211321
52.575	0.0211086
52.6	0.0210852
52.625	0.0210618
52.65	0.0210384
52.675	0.021015
52.7	0.0209917
52.725	0.0209684
52.75	0.0209451
52.775	0.0209219
52.8	0.0208986
52.825	0.0208754
52.85	0.0208523
52.875	0.0208291
52.9	0.020806
52.925	0.0207829
52.95	0.0207598
52.975	0.0207368
53	0.0207137
53.025	0.0206907
53.05	0.0206678
53.075	0.0206448
53.1	0.0206219
53.125	0.020599
53.15	0.0205761
53.175	0.0205533
53.2	0.0205305
53.225	0.0205077
53.25	0.0204849
53.275	0.0204622
53.3	0.0204395
53.325	0.0204168
53.35	0.0203941
53.375	0.0203715
53.4	0.0203489
53.425	0.0203263
53.45	0.0203037
53.475	0.0202812
53.5	0.0202586
53.525	0.0202361
53.55	0.0202137
53.575	0.0201912
53.6	0.0201688
53.625	0.0201464
53.65	0.0201241
53.675	0.0201017
53.7	0.0200794
53.725	0.0200571
53.75	0.0200349
53.775	0.0200126
53.8	0.0199904
53.825	0.0199682
53.85	0.019946
53.875	0.0199239
53.9	0.0199018
53.925	0.0198797
53.95	0.0198576
53.975	0.0198356
54	0.0198135
54.025	0.0197915
54.05	0.0197696
54.075	0.0197476
54.1	0.0197257
54.125	0.0197038
54.15	0.0196819
54.175	0.0196601
54.2	0.0196383
54.225	0.0196165
54.25	0.0195947
54.275	0.0195729
54.3	0.0195512
54.325	0.0195295
54.35	0.0195078
54.375	0.0194862
54.4	0.0194645
54.425	0.0194429
54.45	0.0194213
54.475	0.0193998
54.5	0.0193782
54.525	0.0193567
54.55	0.0193352
54.575	0.0193138
54.6	0.0192923
54.625	0.0192709
54.65	0.0192495
54.675	0.0192282
54.7	0.0192068
54.725	0.0191855
54.75	0.0191642
54.775	0.0191429
54.8	0.0191217
54.825	0.0191004
54.85	0.0190792
54.875	0.0190581
54.9	0.0190369
54.925	0.0190158
54.95	0.0189947
54.975	0.0189736
55	0.0189525
55.025	0.0189315
55.05	0.0189104
55.075	0.0188895
55.1	0.0188685
55.125	0.0188475
55.15	0.0188266
55.175	0.0188057
55.2	0.0187848
55.225	0.018764
55.25	0.0187432
55.275	0.0187224
55.3	0.0187016
55.325	0.0186808
55.35	0.0186601
55.375	0.0186394
55.4	0.0186187
55.425	0.018598
55.45	0.0185774
55.475	0.0185567
55.5	0.0185361
55.525	0.0185156
55.55	0.018495
55.575	0.0184745
55.6	0.018454
55.625	0.0184335
55.65	0.018413
55.675	0.0183926
55.7	0.0183722
55.725	0.0183518
55.75	0.0183314
55.775	0.018311
55.8	0.0182907
55.825	0.0182704
55.85	0.0182501
55.875	0.0182299
55.9	0.0182096
55.925	0.0181894
55.95	0.0181692
55.975	0.0181491
56	0.0181289
56.025	0.0181088
56.05	0.0180887
56.075	0.0180686
56.1	0.0180485
56.125	0.0180285
56.15	0.0180085
56.175	0.0179885
56.2	0.0179685
56.225	0.0179486
56.25	0.0179287
56.275	0.0179088
56.3	0.0178889
56.325	0.017869
56.35	0.0178492
56.375	0.0178294
56.4	0.0178096
56.425	0.0177898
56.45	0.0177701
56.475	0.0177503
56.5	0.0177306
56.525	0.017711
56.55	0.0176913
56.575	0.0176717
56.6	0.017652
56.625	0.0176325
56.65	0.0176129
56.675	0.0175933
56.7	0.0175738
56.725	0.0175543
56.75	0.0175348
56.775	0.0175153
56.8	0.0174959
56.825	0.0174765
56.85	0.0174571
56.875	0.0174377
56.9	0.0174183
56.925	0.017399
56.95	0.0173797
56.975	0.0173604
57	0.0173411
57.025	0.0173219
57.05	0.0173027
57.075	0.0172834
57.1	0.0172643
57.125	0.0172451
57.15	0.017226
57.175	0.0172068
57.2	0.0171877
57.225	0.0171687
57.25	0.0171496
57.275	0.0171306
57.3	0.0171115
57.325	0.0170925
57.35	0.0170736
57.375	0.0170546
57.4	0.0170357
57.425	0.0170168
57.45	0.0169979
57.475	0.016979
57.5	0.0169602
57.525	0.0169414
57.55	0.0169225
57.575	0.0169038
57.6	0.016885
57.625	0.0168663
57.65	0.0168475
57.675	0.0168288
57.7	0.0168102
57.725	0.0167915
57.75	0.0167729
57.775	0.0167542
57.8	0.0167356
57.825	0.0167171
57.85	0.0166985
57.875	0.01668
57.9	0.0166615
57.925	0.016643
57.95	0.0166245
57.975	0.016606
58	0.0165876
58.025	0.0165692
58.05	0.0165508
58.075	0.0165324
58.1	0.0165141
58.125	0.0164957
58.15	0.0164774
58.175	0.0164591
58.2	0.0164409
58.225	0.0164226
58.25	0.0164044
58.275	0.0163862
58.3	0.016368
58.325	0.0163498
58.35	0.0163317
58.375	0.0163135
58.4	0.0162954
58.425	0.0162774
58.45	0.0162593
58.475	0.0162412
58.5	0.0162232
58.525	0.0162052
58.55	0.0161872
58.575	0.0161692
58.6	0.0161513
58.625	0.0161334
58.65	0.0161155
58.675	0.0160976
58.7	0.0160797
58.725	0.0160619
58.75	0.016044
58.775	0.0160262
58.8	0.0160084
58.825	0.0159907
58.85	0.0159729
58.875	0.0159552
58.9	0.0159375
58.925	0.0159198
58.95	0.0159021
58.975	0.0158845
59	0.0158668
59.025	0.0158492
59.05	0.0158316
59.075	0.0158141
59.1	0.0157965
59.125	0.015779
59.15	0.0157614
59.175	0.015744
59.2	0.0157265
59.225	0.015709
59.25	0.0156916
59.275	0.0156742
59.3	0.0156568
59.325	0.0156394
59.35	0.015622
59.375	0.0156047
59.4	0.0155874
59.425	0.0155701
59.45	0.0155528
59.475	0.0155355
59.5	0.0155183
59.525	0.0155011
59.55	0.0154838
59.575	0.0154667
59.6	0.0154495
59.625	0.0154323
59.65	0.0154152
59.675	0.0153981
59.7	0.015381
59.725	0.0153639
59.75	0.0153469
59.775	0.0153299
59.8	0.0153128
59.825	0.0152958
59.85	0.0152789
59.875	0.0152619
59.9	0.015245
59.925	0.015228
59.95	0.0152111
59.975	0.0151943
60	0.0151774
60.025	0.0151605
60.05	0.0151437
60.075	0.0151269
60.1	0.0151101
60.125	0.0150933
60.15	0.0150766
60.175	0.0150599
60.2	0.0150431
60.225	0.0150264
60.25	0.0150098
60.275	0.0149931
60.3	0.0149765
60.325	0.0149598
60.35	0.0149432
60.375	0.0149266
60.4	0.0149101
60.425	0.0148935
60.45	0.014877
60.475	0.0148605
60.5	0.014844
60.525	0.0148275
60.55	0.0148111
60.575	0.0147946
60.6	0.0147782
60.625	0.0147618
60.65	0.0147454
60.675	0.014729
60.7	0.0147127
60.725	0.0146964
60.75	0.01468
60.775	0.0146638
60.8	0.0146475
60.825	0.0146312
60.85	0.014615
60.875	0.0145988
60.9	0.0145826
60.925	0.0145664
60.95	0.0145502
60.975	0.014534
61	0.0145179
61.025	0.0145018
61.05	0.0144857
61.075	0.0144696
61.1	0.0144536
61.125	0.0144375
61.15	0.0144215
61.175	0.0144055
61.2	0.0143895
61.225	0.0143735
61.25	0.0143576
61.275	0.0143416
61.3	0.0143257
61.325	0.0143098
61.35	0.0142939
61.375	0.0142781
61.4	0.0142622
61.425	0.0142464
61.45	0.0142306
61.475	0.0142148
61.5	0.014199
61.525	0.0141832
61.55	0.0141675
61.575	0.0141518
61.6	0.0141361
61.625	0.0141204
61.65	0.0141047
61.675	0.0140891
61.7	0.0140734
61.725	0.0140578
61.75	0.0140422
61.775	0.0140266
61.8	0.014011
61.825	0.0139955
61.85	0.0139799
61.875	0.0139644
61.9	0.0139489
61.925	0.0139334
61.95	0.013918
61.975	0.0139025
62	0.0138871
62.025	0.0138717
62.05	0.0138563
62.075	0.0138409
62.1	0.0138256
62.125	0.0138102
62.15	0.0137949
62.175	0.0137796
62.2	0.0137643
62.225	0.013749
62.25	0.0137337
62.275	0.0137185
62.3	0.0137033
62.325	0.0136881
62.35	0.0136729
62.375	0.0136577
62.4	0.0136425
62.425	0.0136274
62.45	0.0136123
62.475	0.0135971
62.5	0.0135821
62.525	0.013567
62.55	0.0135519
62.575	0.0135369
62.6	0.0135219
62.625	0.0135068
62.65	0.0134919
62.675	0.0134769
62.7	0.0134619
62.725	0.013447
62.75	0.0134321
62.775	0.0134171
62.8	0.0134023
62.825	0.0133874
62.85	0.0133725
62.875	0.0133577
62.9	0.0133428
62.925	0.013328
62.95	0.0133132
62.975	0.0132985
63	0.0132837
63.025	0.013269
63.05	0.0132542
63.075	0.0132395
63.1	0.0132248
63.125	0.0132102
63.15	0.0131955
63.175	0.0131808
63.2	0.0131662
63.225	0.0131516
63.25	0.013137
63.275	0.0131224
63.3	0.0131079
63.325	0.0130933
63.35	0.0130788
63.375	0.0130643
63.4	0.0130498
63.425	0.0130353
63.45	0.0130208
63.475	0.0130064
63.5	0.0129919
63.525	0.0129775
63.55	0.0129631
63.575	0.0129487
63.6	0.0129343
63.625	0.01292
63.65	0.0129056
63.675	0.0128913
63.7	0.012877
63.725	0.0128627
63.75	0.0128484
63.775	0.0128342
63.8	0.0128199
63.825	0.0128057
63.85	0.0127915
63.875	0.0127773
63.9	0.0127631
63.925	0.0127489
63.95	0.0127348
63.975	0.0127207
64	0.0127065
64.025	0.0126924
64.05	0.0126783
64.075	0.0126643
64.1	0.0126502
64.125	0.0126362
64.15	0.0126222
64.175	0.0126081
64.2	0.0125941
64.225	0.0125802
64.25	0.0125662
64.275	0.0125523
64.3	0.0125383
64.325	0.0125244
64.35	0.0125105
64.375	0.0124966
64.4	0.0124828
64.425	0.0124689
64.45	0.0124551
64.475	0.0124412
64.5	0.0124274
64.525	0.0124136
64.55	0.0123999
64.575	0.0123861
64.6	0.0123723
64.625	0.0123586
64.65	0.0123449
64.675	0.0123312
64.7	0.0123175
64.725	0.0123038
64.75	0.0122902
64.775	0.0122765
64.8	0.0122629
64.825	0.0122493
64.85	0.0122357
64.875	0.0122221
64.9	0.0122086
64.925	0.012195
64.95	0.0121815
64.975	0.012168
65	0.0121544
65.025	0.012141
65.05	0.0121275
65.075	0.012114
65.1	0.0121006
65.125	0.0120871
65.15	0.0120737
65.175	0.0120603
65.2	0.0120469
65.225	0.0120336
65.25	0.0120202
65.275	0.0120069
65.3	0.0119935
65.325	0.0119802
65.35	0.0119669
65.375	0.0119537
65.4	0.0119404
65.425	0.0119271
65.45	0.0119139
65.475	0.0119007
65.5	0.0118875
65.525	0.0118743
65.55	0.0118611
65.575	0.0118479
65.6	0.0118348
65.625	0.0118216
65.65	0.0118085
65.675	0.0117954
65.7	0.0117823
65.725	0.0117692
65.75	0.0117562
65.775	0.0117431
65.8	0.0117301
65.825	0.0117171
65.85	0.0117041
65.875	0.0116911
65.9	0.0116781
65.925	0.0116651
65.95	0.0116522
65.975	0.0116393
66	0.0116263
66.025	0.0116134
66.05	0.0116006
66.075	0.0115877
66.1	0.0115748
66.125	0.011562
66.15	0.0115491
66.175	0.0115363
66.2	0.0115235
66.225	0.0115107
66.25	0.0114979
66.275	0.0114852
66.3	0.0114724
66.325	0.0114597
66.35	0.011447
66.375	0.0114343
66.4	0.0114216
66.425	0.0114089
66.45	0.0113962
66.475	0.0113836
66.5	0.011371
66.525	0.0113583
66.55	0.0113457
66.575	0.0113331
66.6	0.0113206
66.625	0.011308
66.65	0.0112955
66.675	0.0112829
66.7	0.0112704
66.725	0.0112579
66.75	0.0112454
66.775	0.0112329
66.8	0.0112204
66.825	0.011208
66.85	0.0111955
66.875	0.0111831
66.9	0.0111707
66.925	0.0111583
66.95	0.0111459
66.975	0.0111336
67	0.0111212
67.025	0.0111089
67.05	0.0110965
67.075	0.0110842
67.1	0.0110719
67.125	0.0110596
67.15	0.0110473
67.175	0.0110351
67.2	0.0110228
67.225	0.0110106
67.25	0.0109984
67.275	0.0109862
67.3	0.010974
67.325	0.0109618
67.35	0.0109496
67.375	0.0109375
67.4	0.0109253
67.425	0.0109132
67.45	0.0109011
67.475	0.010889
67.5	0.0108769
67.525	0.0108648
67.55	0.0108528
67.575	0.0108407
67.6	0.0108287
67.625	0.0108167
67.65	0.0108047
67.675	0.0107927
67.7	0.0107807
67.725	0.0107687
67.75	0.0107568
67.775	0.0107449
67.8	0.0107329
67.825	0.010721
67.85	0.0107091
67.875	0.0106972
67.9	0.0106854
67.925	0.0106735
67.95	0.0106616
67.975	0.0106498
68	0.010638
68.025	0.0106262
68.05	0.0106144
68.075	0.0106026
68.1	0.0105908
68.125	0.0105791
68.15	0.0105673
68.175	0.0105556
68.2	0.0105439
68.225	0.0105322
68.25	0.0105205
68.275	0.0105088
68.3	0.0104972
68.325	0.0104855
68.35	0.0104739
68.375	0.0104623
68.4	0.0104506
68.425	0.010439
68.45	0.0104275
68.475	0.0104159
68.5	0.0104043
68.525	0.0103928
68.55	0.0103812
68.575	0.0103697
68.6	0.0103582
68.625	0.0103467
68.65	0.0103352
68.675	0.0103238
68.7	0.0103123
68.725	0.0103009
68.75	0.0102894
68.775	0.010278
68.8	0.0102666
68.825	0.0102552
68.85	0.0102438
68.875	0.0102324
68.9	0.0102211
68.925	0.0102097
68.95	0.0101984
68.975	0.0101871
69	0.0101758
69.025	0.0101645
69.05	0.0101532
69.075	0.0101419
69.1	0.0101307
69.125	0.0101194
69.15	0.0101082
69.175	0.010097
69.2	0.0100858
69.225	0.0100746
69.25	0.0100634
69.275	0.0100522
69.3	0.0100411
69.325	0.0100299
69.35	0.0100188
69.375	0.0100077
69.4	0.00999658
69.425	0.00998549
69.45	0.0099744
69.475	0.00996333
69.5	0.00995227
69.525	0.00994123
69.55	0.00993019
69.575	0.00991917
69.6	0.00990816
69.625	0.00989717
69.65	0.00988618
69.675	0.00987521
69.7	0.00986425
69.725	0.0098533
69.75	0.00984236
69.775	0.00983144
69.8	0.00982053
69.825	0.00980963
69.85	0.00979874
69.875	0.00978786
69.9	0.009777
69.925	0.00976615
69.95	0.00975531
69.975	0.00974448
70	0.00973367
70.025	0.00972286
70.05	0.00971207
70.075	0.00970129
70.1	0.00969053
70.125	0.00967977
70.15	0.00966903
70.175	0.0096583
70.2	0.00964758
70.225	0.00963687
70.25	0.00962617
70.275	0.00961549
70.3	0.00960482
70.325	0.00959416
70.35	0.00958351
70.375	0.00957287
70.4	0.00956225
70.425	0.00955163
70.45	0.00954103
70.475	0.00953044
70.5	0.00951986
70.525	0.0095093
70.55	0.00949874
70.575	0.0094882
70.6	0.00947767
70.625	0.00946715
70.65	0.00945664
70.675	0.00944615
70.7	0.00943566
70.725	0.00942519
70.75	0.00941473
70.775	0.00940428
70.8	0.00939384
70.825	0.00938342
70.85	0.009373
70.875	0.0093626
70.9	0.00935221
70.925	0.00934183
70.95	0.00933146
70.975	0.0093211
71	0.00931076
71.025	0.00930042
71.05	0.0092901
71.075	0.00927979
71.1	0.00926949
71.125	0.0092592
71.15	0.00924892
71.175	0.00923866
71.2	0.00922841
71.225	0.00921816
71.25	0.00920793
71.275	0.00919771
71.3	0.0091875
71.325	0.00917731
71.35	0.00916712
71.375	0.00915695
71.4	0.00914678
71.425	0.00913663
71.45	0.00912649
71.475	0.00911636
71.5	0.00910624
71.525	0.00909614
71.55	0.00908604
71.575	0.00907596
71.6	0.00906588
71.625	0.00905582
71.65	0.00904577
71.675	0.00903573
71.7	0.0090257
71.725	0.00901568
71.75	0.00900568
71.775	0.00899568
71.8	0.0089857
71.825	0.00897572
71.85	0.00896576
71.875	0.00895581
71.9	0.00894587
71.925	0.00893594
71.95	0.00892602
71.975	0.00891612
72	0.00890622
72.025	0.00889634
72.05	0.00888646
72.075	0.0088766
72.1	0.00886675
72.125	0.00885691
72.15	0.00884708
72.175	0.00883726
72.2	0.00882745
72.225	0.00881765
72.25	0.00880786
72.275	0.00879809
72.3	0.00878832
72.325	0.00877857
72.35	0.00876883
72.375	0.00875909
72.4	0.00874937
72.425	0.00873966
72.45	0.00872996
72.475	0.00872027
72.5	0.00871059
72.525	0.00870093
72.55	0.00869127
72.575	0.00868162
72.6	0.00867199
72.625	0.00866236
72.65	0.00865275
72.675	0.00864314
72.7	0.00863355
72.725	0.00862397
72.75	0.0086144
72.775	0.00860484
72.8	0.00859529
72.825	0.00858575
72.85	0.00857622
72.875	0.0085667
72.9	0.00855719
72.925	0.00854769
72.95	0.00853821
72.975	0.00852873
73	0.00851926
73.025	0.00850981
73.05	0.00850036
73.075	0.00849093
73.1	0.0084815
73.125	0.00847209
73.15	0.00846269
73.175	0.0084533
73.2	0.00844391
73.225	0.00843454
73.25	0.00842518
73.275	0.00841583
73.3	0.00840649
73.325	0.00839716
73.35	0.00838784
73.375	0.00837853
73.4	0.00836923
73.425	0.00835994
73.45	0.00835066
73.475	0.00834139
73.5	0.00833214
73.525	0.00832289
73.55	0.00831365
73.575	0.00830442
73.6	0.00829521
73.625	0.008286
73.65	0.0082768
73.675	0.00826762
73.7	0.00825844
73.725	0.00824927
73.75	0.00824012
73.775	0.00823097
73.8	0.00822184
73.825	0.00821271
73.85	0.0082036
73.875	0.00819449
73.9	0.0081854
73.925	0.00817631
73.95	0.00816724
73.975	0.00815817
74	0.00814912
74.025	0.00814007
74.05	0.00813104
74.075	0.00812201
74.1	0.008113
74.125	0.008104
74.15	0.008095
74.175	0.00808602
74.2	0.00807704
74.225	0.00806808
74.25	0.00805912
74.275	0.00805018
74.3	0.00804124
74.325	0.00803232
74.35	0.0080234
74.375	0.0080145
74.4	0.0080056
74.425	0.00799672
74.45	0.00798784
74.475	0.00797898
74.5	0.00797012
74.525	0.00796128
74.55	0.00795244
74.575	0.00794361
74.6	0.0079348
74.625	0.00792599
74.65	0.00791719
74.675	0.00790841
74.7	0.00789963
74.725	0.00789086
74.75	0.0078821
74.775	0.00787335
74.8	0.00786462
74.825	0.00785589
74.85	0.00784717
74.875	0.00783846
74.9	0.00782976
74.925	0.00782107
74.95	0.00781239
74.975	0.00780372
75	0.00779506
75.025	0.0077864
75.05	0.00777776
75.075	0.00776913
75.1	0.00776051
75.125	0.00775189
75.15	0.00774329
75.175	0.0077347
75.2	0.00772611
75.225	0.00771754
75.25	0.00770897
75.275	0.00770041
75.3	0.00769187
75.325	0.00768333
75.35	0.0076748
75.375	0.00766629
75.4	0.00765778
75.425	0.00764928
75.45	0.00764079
75.475	0.00763231
75.5	0.00762384
75.525	0.00761537
75.55	0.00760692
75.575	0.00759848
75.6	0.00759005
75.625	0.00758162
75.65	0.00757321
75.675	0.0075648
75.7	0.00755641
75.725	0.00754802
75.75	0.00753964
75.775	0.00753127
75.8	0.00752291
75.825	0.00751456
75.85	0.00750622
75.875	0.00749789
75.9	0.00748957
75.925	0.00748126
75.95	0.00747296
75.975	0.00746466
76	0.00745638
76.025	0.0074481
76.05	0.00743983
76.075	0.00743158
76.1	0.00742333
76.125	0.00741509
76.15	0.00740686
76.175	0.00739864
76.2	0.00739043
76.225	0.00738223
76.25	0.00737403
76.275	0.00736585
76.3	0.00735767
76.325	0.00734951
76.35	0.00734135
76.375	0.0073332
76.4	0.00732506
76.425	0.00731693
76.45	0.00730881
76.475	0.0073007
76.5	0.0072926
76.525	0.0072845
76.55	0.00727642
76.575	0.00726834
76.6	0.00726027
76.625	0.00725222
76.65	0.00724417
76.675	0.00723613
76.7	0.0072281
76.725	0.00722007
76.75	0.00721206
76.775	0.00720406
76.8	0.00719606
76.825	0.00718807
76.85	0.0071801
76.875	0.00717213
76.9	0.00716417
76.925	0.00715621
76.95	0.00714827
76.975	0.00714034
77	0.00713241
77.025	0.0071245
77.05	0.00711659
77.075	0.00710869
77.1	0.0071008
77.125	0.00709292
77.15	0.00708505
77.175	0.00707718
77.2	0.00706933
77.225	0.00706148
77.25	0.00705365
77.275	0.00704582
77.3	0.007038
77.325	0.00703019
77.35	0.00702238
77.375	0.00701459
77.4	0.0070068
77.425	0.00699903
77.45	0.00699126
77.475	0.0069835
77.5	0.00697575
77.525	0.00696801
77.55	0.00696027
77.575	0.00695255
77.6	0.00694483
77.625	0.00693712
77.65	0.00692942
77.675	0.00692173
77.7	0.00691405
77.725	0.00690638
77.75	0.00689871
77.775	0.00689105
77.8	0.00688341
77.825	0.00687577
77.85	0.00686814
77.875	0.00686051
77.9	0.0068529
77.925	0.00684529
77.95	0.00683769
77.975	0.00683011
78	0.00682253
78.025	0.00681495
78.05	0.00680739
78.075	0.00679983
78.1	0.00679229
78.125	0.00678475
78.15	0.00677722
78.175	0.0067697
78.2	0.00676218
78.225	0.00675468
78.25	0.00674718
78.275	0.00673969
78.3	0.00673221
78.325	0.00672474
78.35	0.00671728
78.375	0.00670982
78.4	0.00670237
78.425	0.00669493
78.45	0.0066875
78.475	0.00668008
78.5	0.00667267
78.525	0.00666526
78.55	0.00665786
78.575	0.00665047
78.6	0.00664309
78.625	0.00663572
78.65	0.00662836
78.675	0.006621
78.7	0.00661365
78.725	0.00660631
78.75	0.00659898
78.775	0.00659165
78.8	0.00658434
78.825	0.00657703
78.85	0.00656973
78.875	0.00656244
78.9	0.00655515
78.925	0.00654788
78.95	0.00654061
78.975	0.00653335
79	0.0065261
79.025	0.00651886
79.05	0.00651162
79.075	0.0065044
79.1	0.00649718
79.125	0.00648997
79.15	0.00648276
79.175	0.00647557
79.2	0.00646838
79.225	0.0064612
79.25	0.00645403
79.275	0.00644687
79.3	0.00643971
79.325	0.00643256
79.35	0.00642542
79.375	0.00641829
79.4	0.00641117
79.425	0.00640405
79.45	0.00639695
79.475	0.00638985
79.5	0.00638276
79.525	0.00637567
79.55	0.00636859
79.575	0.00636153
79.6	0.00635447
79.625	0.00634741
79.65	0.00634037
79.675	0.00633333
79.7	0.0063263
79.725	0.00631928
79.75	0.00631227
79.775	0.00630526
79.8	0.00629826
79.825	0.00629127
79.85	0.00628429
79.875	0.00627731
79.9	0.00627035
79.925	0.00626339
79.95	0.00625644
79.975	0.00624949
80	0.00624256
80.025	0.00623563
80.05	0.00622871
80.075	0.00622179
80.1	0.00621489
80.125	0.00620799
80.15	0.0062011
80.175	0.00619422
80.2	0.00618734
80.225	0.00618048
80.25	0.00617362
80.275	0.00616677
80.3	0.00615992
80.325	0.00615308
80.35	0.00614625
80.375	0.00613943
80.4	0.00613262
80.425	0.00612581
80.45	0.00611901
80.475	0.00611222
80.5	0.00610544
80.525	0.00609866
80.55	0.00609189
80.575	0.00608513
80.6	0.00607838
80.625	0.00607163
80.65	0.00606489
80.675	0.00605816
80.7	0.00605144
80.725	0.00604472
80.75	0.00603801
80.775	0.00603131
80.8	0.00602462
80.825	0.00601793
80.85	0.00601125
80.875	0.00600458
80.9	0.00599792
80.925	0.00599126
80.95	0.00598461
80.975	0.00597797
81	0.00597133
81.025	0.0059647
81.05	0.00595808
81.075	0.00595147
81.1	0.00594487
81.125	0.00593827
81.15	0.00593168
81.175	0.00592509
81.2	0.00591852
81.225	0.00591195
81.25	0.00590539
81.275	0.00589883
81.3	0.00589229
81.325	0.00588575
81.35	0.00587921
81.375	0.00587269
81.4	0.00586617
81.425	0.00585966
81.45	0.00585316
81.475	0.00584666
81.5	0.00584017
81.525	0.00583369
81.55	0.00582721
81.575	0.00582075
81.6	0.00581429
81.625	0.00580783
81.65	0.00580139
81.675	0.00579495
81.7	0.00578852
81.725	0.00578209
81.75	0.00577567
81.775	0.00576926
81.8	0.00576286
81.825	0.00575647
81.85	0.00575008
81.875	0.00574369
81.9	0.00573732
81.925	0.00573095
81.95	0.00572459
81.975	0.00571824
82	0.00571189
82.025	0.00570555
82.05	0.00569922
82.075	0.00569289
82.1	0.00568658
82.125	0.00568026
82.15	0.00567396
82.175	0.00566766
82.2	0.00566137
82.225	0.00565509
82.25	0.00564881
82.275	0.00564254
82.3	0.00563628
82.325	0.00563002
82.35	0.00562378
82.375	0.00561753
82.4	0.0056113
82.425	0.00560507
82.45	0.00559885
82.475	0.00559264
82.5	0.00558643
82.525	0.00558023
82.55	0.00557403
82.575	0.00556785
82.6	0.00556167
82.625	0.0055555
82.65	0.00554933
82.675	0.00554317
82.7	0.00553702
82.725	0.00553087
82.75	0.00552473
82.775	0.0055186
82.8	0.00551248
82.825	0.00550636
82.85	0.00550025
82.875	0.00549414
82.9	0.00548805
82.925	0.00548195
82.95	0.00547587
82.975	0.00546979
83	0.00546372
83.025	0.00545766
83.05	0.0054516
83.075	0.00544555
83.1	0.00543951
83.125	0.00543347
83.15	0.00542744
83.175	0.00542141
83.2	0.0054154
83.225	0.00540939
83.25	0.00540338
83.275	0.00539739
83.3	0.0053914
83.325	0.00538541
83.35	0.00537943
83.375	0.00537346
83.4	0.0053675
83.425	0.00536154
83.45	0.00535559
83.475	0.00534965
83.5	0.00534371
83.525	0.00533778
83.55	0.00533186
83.575	0.00532594
83.6	0.00532003
83.625	0.00531412
83.65	0.00530822
83.675	0.00530233
83.7	0.00529645
83.725	0.00529057
83.75	0.0052847
83.775	0.00527883
83.8	0.00527297
83.825	0.00526712
83.85	0.00526127
83.875	0.00525544
83.9	0.0052496
83.925	0.00524378
83.95	0.00523796
83.975	0.00523214
84	0.00522634
84.025	0.00522054
84.05	0.00521474
84.075	0.00520895
84.1	0.00520317
84.125	0.0051974
84.15	0.00519163
84.175	0.00518587
84.2	0.00518011
84.225	0.00517436
84.25	0.00516862
84.275	0.00516288
84.3	0.00515715
84.325	0.00515143
84.35	0.00514571
84.375	0.00514
84.4	0.00513429
84.425	0.0051286
84.45	0.0051229
84.475	0.00511722
84.5	0.00511154
84.525	0.00510587
84.55	0.0051002
84.575	0.00509454
84.6	0.00508888
84.625	0.00508324
84.65	0.00507759
84.675	0.00507196
84.7	0.00506633
84.725	0.00506071
84.75	0.00505509
84.775	0.00504948
84.8	0.00504387
84.825	0.00503828
84.85	0.00503268
84.875	0.0050271
84.9	0.00502152
84.925	0.00501595
84.95	0.00501038
84.975	0.00500482
85	0.00499926
85.025	0.00499371
85.05	0.00498817
85.075	0.00498264
85.1	0.00497711
85.125	0.00497158
85.15	0.00496606
85.175	0.00496055
85.2	0.00495505
85.225	0.00494955
85.25	0.00494405
85.275	0.00493857
85.3	0.00493309
85.325	0.00492761
85.35	0.00492214
85.375	0.00491668
85.4	0.00491122
85.425	0.00490577
85.45	0.00490033
85.475	0.00489489
85.5	0.00488945
85.525	0.00488403
85.55	0.00487861
85.575	0.00487319
85.6	0.00486778
85.625	0.00486238
85.65	0.00485698
85.675	0.00485159
85.7	0.00484621
85.725	0.00484083
85.75	0.00483546
85.775	0.00483009
85.8	0.00482473
85.825	0.00481937
85.85	0.00481403
85.875	0.00480868
85.9	0.00480335
85.925	0.00479802
85.95	0.00479269
85.975	0.00478737
86	0.00478206
86.025	0.00477675
86.05	0.00477145
86.075	0.00476615
86.1	0.00476086
86.125	0.00475558
86.15	0.0047503
86.175	0.00474503
86.2	0.00473976
86.225	0.0047345
86.25	0.00472925
86.275	0.004724
86.3	0.00471875
86.325	0.00471352
86.35	0.00470829
86.375	0.00470306
86.4	0.00469784
86.425	0.00469263
86.45	0.00468742
86.475	0.00468222
86.5	0.00467702
86.525	0.00467183
86.55	0.00466664
86.575	0.00466146
86.6	0.00465629
86.625	0.00465112
86.65	0.00464596
86.675	0.0046408
86.7	0.00463565
86.725	0.00463051
86.75	0.00462537
86.775	0.00462023
86.8	0.00461511
86.825	0.00460998
86.85	0.00460487
86.875	0.00459976
86.9	0.00459465
86.925	0.00458955
86.95	0.00458446
86.975	0.00457937
87	0.00457429
87.025	0.00456921
87.05	0.00456414
87.075	0.00455907
87.1	0.00455401
87.125	0.00454896
87.15	0.00454391
87.175	0.00453887
87.2	0.00453383
87.225	0.0045288
87.25	0.00452377
87.275	0.00451875
87.3	0.00451374
87.325	0.00450873
87.35	0.00450372
87.375	0.00449872
87.4	0.00449373
87.425	0.00448874
87.45	0.00448376
87.475	0.00447878
87.5	0.00447381
87.525	0.00446885
87.55	0.00446389
87.575	0.00445893
87.6	0.00445398
87.625	0.00444904
87.65	0.0044441
87.675	0.00443917
87.7	0.00443424
87.725	0.00442932
87.75	0.00442441
87.775	0.0044195
87.8	0.00441459
87.825	0.00440969
87.85	0.0044048
87.875	0.00439991
87.9	0.00439502
87.925	0.00439015
87.95	0.00438527
87.975	0.00438041
88	0.00437555
88.025	0.00437069
88.05	0.00436584
88.075	0.00436099
88.1	0.00435615
88.125	0.00435132
88.15	0.00434649
88.175	0.00434166
88.2	0.00433685
88.225	0.00433203
88.25	0.00432722
88.275	0.00432242
88.3	0.00431762
88.325	0.00431283
88.35	0.00430805
88.375	0.00430326
88.4	0.00429849
88.425	0.00429372
88.45	0.00428895
88.475	0.00428419
88.5	0.00427944
88.525	0.00427469
88.55	0.00426994
88.575	0.0042652
88.6	0.00426047
88.625	0.00425574
88.65	0.00425102
88.675	0.0042463
88.7	0.00424159
88.725	0.00423688
88.75	0.00423218
88.775	0.00422748
88.8	0.00422279
88.825	0.0042181
88.85	0.00421342
88.875	0.00420874
88.9	0.00420407
88.925	0.00419941
88.95	0.00419474
88.975	0.00419009
89	0.00418544
89.025	0.00418079
89.05	0.00417615
89.075	0.00417152
89.1	0.00416689
89.125	0.00416226
89.15	0.00415764
89.175	0.00415303
89.2	0.00414842
89.225	0.00414382
89.25	0.00413922
89.275	0.00413462
89.3	0.00413003
89.325	0.00412545
89.35	0.00412087
89.375	0.0041163
89.4	0.00411173
89.425	0.00410716
89.45	0.00410261
89.475	0.00409805
89.5	0.0040935
89.525	0.00408896
89.55	0.00408442
89.575	0.00407989
89.6	0.00407536
89.625	0.00407084
89.65	0.00406632
89.675	0.00406181
89.7	0.0040573
89.725	0.0040528
89.75	0.0040483
89.775	0.0040438
89.8	0.00403932
89.825	0.00403483
89.85	0.00403036
89.875	0.00402588
89.9	0.00402141
89.925	0.00401695
89.95	0.00401249
89.975	0.00400804
90	0.00400359
90.025	0.00399915
90.05	0.00399471
90.075	0.00399027
90.1	0.00398585
90.125	0.00398142
90.15	0.003977
90.175	0.00397259
90.2	0.00396818
90.225	0.00396378
90.25	0.00395938
90.275	0.00395498
90.3	0.00395059
90.325	0.00394621
90.35	0.00394183
90.375	0.00393745
90.4	0.00393308
90.425	0.00392872
90.45	0.00392436
90.475	0.00392
90.5	0.00391565
90.525	0.00391131
90.55	0.00390696
90.575	0.00390263
90.6	0.0038983
90.625	0.00389397
90.65	0.00388965
90.675	0.00388533
90.7	0.00388102
90.725	0.00387671
90.75	0.00387241
90.775	0.00386811
90.8	0.00386382
90.825	0.00385953
90.85	0.00385525
90.875	0.00385097
90.9	0.00384669
90.925	0.00384242
90.95	0.00383816
90.975	0.0038339
91	0.00382964
91.025	0.00382539
91.05	0.00382115
91.075	0.00381691
91.1	0.00381267
91.125	0.00380844
91.15	0.00380421
91.175	0.00379999
91.2	0.00379577
91.225	0.00379156
91.25	0.00378735
91.275	0.00378315
91.3	0.00377895
91.325	0.00377475
91.35	0.00377056
91.375	0.00376638
91.4	0.0037622
91.425	0.00375802
91.45	0.00375385
91.475	0.00374969
91.5	0.00374553
91.525	0.00374137
91.55	0.00373722
91.575	0.00373307
91.6	0.00372892
91.625	0.00372479
91.65	0.00372065
91.675	0.00371652
91.7	0.0037124
91.725	0.00370828
91.75	0.00370416
91.775	0.00370005
91.8	0.00369594
91.825	0.00369184
91.85	0.00368774
91.875	0.00368365
91.9	0.00367956
91.925	0.00367548
91.95	0.0036714
91.975	0.00366733
92	0.00366325
92.025	0.00365919
92.05	0.00365513
92.075	0.00365107
92.1	0.00364702
92.125	0.00364297
92.15	0.00363893
92.175	0.00363489
92.2	0.00363085
92.225	0.00362682
92.25	0.0036228
92.275	0.00361878
92.3	0.00361476
92.325	0.00361075
92.35	0.00360674
92.375	0.00360274
92.4	0.00359874
92.425	0.00359475
92.45	0.00359076
92.475	0.00358677
92.5	0.00358279
92.525	0.00357881
92.55	0.00357484
92.575	0.00357087
92.6	0.00356691
92.625	0.00356295
92.65	0.003559
92.675	0.00355505
92.7	0.0035511
92.725	0.00354716
92.75	0.00354322
92.775	0.00353929
92.8	0.00353536
92.825	0.00353144
92.85	0.00352752
92.875	0.00352361
92.9	0.00351969
92.925	0.00351579
92.95	0.00351189
92.975	0.00350799
93	0.00350409
93.025	0.00350021
93.05	0.00349632
93.075	0.00349244
93.1	0.00348856
93.125	0.00348469
93.15	0.00348082
93.175	0.00347696
93.2	0.0034731
93.225	0.00346925
93.25	0.0034654
93.275	0.00346155
93.3	0.00345771
93.325	0.00345387
93.35	0.00345004
93.375	0.00344621
93.4	0.00344238
93.425	0.00343856
93.45	0.00343475
93.475	0.00343094
93.5	0.00342713
93.525	0.00342332
93.55	0.00341952
93.575	0.00341573
93.6	0.00341194
93.625	0.00340815
93.65	0.00340437
93.675	0.00340059
93.7	0.00339682
93.725	0.00339305
93.75	0.00338928
93.775	0.00338552
93.8	0.00338176
93.825	0.00337801
93.85	0.00337426
93.875	0.00337051
93.9	0.00336677
93.925	0.00336304
93.95	0.0033593
93.975	0.00335557
94	0.00335185
94.025	0.00334813
94.05	0.00334441
94.075	0.0033407
94.1	0.00333699
94.125	0.00333329
94.15	0.00332959
94.175	0.0033259
94.2	0.0033222
94.225	0.00331852
94.25	0.00331483
94.275	0.00331115
94.3	0.00330748
94.325	0.00330381
94.35	0.00330014
94.375	0.00329648
94.4	0.00329282
94.425	0.00328917
94.45	0.00328552
94.475	0.00328187
94.5	0.00327823
94.525	0.00327459
94.55	0.00327095
94.575	0.00326732
94.6	0.0032637
94.625	0.00326007
94.65	0.00325646
94.675	0.00325284
94.7	0.00324923
94.725	0.00324563
94.75	0.00324202
94.775	0.00323843
94.8	0.00323483
94.825	0.00323124
94.85	0.00322765
94.875	0.00322407
94.9	0.00322049
94.925	0.00321692
94.95	0.00321335
94.975	0.00320978
95	0.00320622
95.025	0.00320266
95.05	0.00319911
95.075	0.00319556
95.1	0.00319201
95.125	0.00318847
95.15	0.00318493
95.175	0.00318139
95.2	0.00317786
95.225	0.00317434
95.25	0.00317081
95.275	0.00316729
95.3	0.00316378
95.325	0.00316027
95.35	0.00315676
95.375	0.00315325
95.4	0.00314976
95.425	0.00314626
95.45	0.00314277
95.475	0.00313928
95.5	0.0031358
95.525	0.00313231
95.55	0.00312884
95.575	0.00312537
95.6	0.0031219
95.625	0.00311843
95.65	0.00311497
95.675	0.00311151
95.7	0.00310806
95.725	0.00310461
95.75	0.00310116
95.775	0.00309772
95.8	0.00309428
95.825	0.00309085
95.85	0.00308742
95.875	0.00308399
95.9	0.00308057
95.925	0.00307715
95.95	0.00307374
95.975	0.00307032
96	0.00306692
96.025	0.00306351
96.05	0.00306011
96.075	0.00305672
96.1	0.00305332
96.125	0.00304994
96.15	0.00304655
96.175	0.00304317
96.2	0.00303979
96.225	0.00303642
96.25	0.00303305
96.275	0.00302968
96.3	0.00302632
96.325	0.00302296
96.35	0.0030196
96.375	0.00301625
96.4	0.00301291
96.425	0.00300956
96.45	0.00300622
96.475	0.00300289
96.5	0.00299955
96.525	0.00299622
96.55	0.0029929
96.575	0.00298958
96.6	0.00298626
96.625	0.00298294
96.65	0.00297963
96.675	0.00297633
96.7	0.00297302
96.725	0.00296972
96.75	0.00296643
96.775	0.00296313
96.8	0.00295985
96.825	0.00295656
96.85	0.00295328
96.875	0.00295
96.9	0.00294673
96.925	0.00294346
96.95	0.00294019
96.975	0.00293693
97	0.00293367
97.025	0.00293041
97.05	0.00292716
97.075	0.00292391
97.1	0.00292066
97.125	0.00291742
97.15	0.00291418
97.175	0.00291095
97.2	0.00290772
97.225	0.00290449
97.25	0.00290127
97.275	0.00289805
97.3	0.00289483
97.325	0.00289162
97.35	0.00288841
97.375	0.0028852
97.4	0.002882
97.425	0.0028788
97.45	0.00287561
97.475	0.00287242
97.5	0.00286923
97.525	0.00286604
97.55	0.00286286
97.575	0.00285969
97.6	0.00285651
97.625	0.00285334
97.65	0.00285017
97.675	0.00284701
97.7	0.00284385
97.725	0.00284069
97.75	0.00283754
97.775	0.00283439
97.8	0.00283125
97.825	0.0028281
97.85	0.00282497
97.875	0.00282183
97.9	0.0028187
97.925	0.00281557
97.95	0.00281245
97.975	0.00280932
98	0.00280621
98.025	0.00280309
98.05	0.00279998
98.075	0.00279687
98.1	0.00279377
98.125	0.00279067
98.15	0.00278757
98.175	0.00278448
98.2	0.00278139
98.225	0.0027783
98.25	0.00277522
98.275	0.00277214
98.3	0.00276906
98.325	0.00276599
98.35	0.00276292
98.375	0.00275985
98.4	0.00275679
98.425	0.00275373
98.45	0.00275067
98.475	0.00274762
98.5	0.00274457
98.525	0.00274152
98.55	0.00273848
98.575	0.00273544
98.6	0.0027324
98.625	0.00272937
98.65	0.00272634
98.675	0.00272332
98.7	0.00272029
98.725	0.00271727
98.75	0.00271426
98.775	0.00271125
98.8	0.00270824
98.825	0.00270523
98.85	0.00270223
98.875	0.00269923
98.9	0.00269623
98.925	0.00269324
98.95	0.00269025
98.975	0.00268727
99	0.00268428
99.025	0.0026813
99.05	0.00267833
99.075	0.00267535
99.1	0.00267239
99.125	0.00266942
99.15	0.00266646
99.175	0.0026635
99.2	0.00266054
99.225	0.00265759
99.25	0.00265464
99.275	0.00265169
99.3	0.00264875
99.325	0.00264581
99.35	0.00264287
99.375	0.00263994
99.4	0.00263701
99.425	0.00263408
99.45	0.00263116
99.475	0.00262824
99.5	0.00262532
99.525	0.00262241
99.55	0.0026195
99.575	0.00261659
99.6	0.00261369
99.625	0.00261079
99.65	0.00260789
99.675	0.00260499
99.7	0.0026021
99.725	0.00259921
99.75	0.00259633
99.775	0.00259345
99.8	0.00259057
99.825	0.00258769
99.85	0.00258482
99.875	0.00258195
99.9	0.00257909
99.925	0.00257623
99.95	0.00257337
99.975	0.00257051
100	0.00256766
