label:apic[34].v(0.8)
4001
0	0
0.025	0
0.05	0
0.075	0
0.1	0
0.125	0
0.15	0
0.175	0
0.2	0
0.225	0
0.25	0
0.275	0
0.3	0
0.325	0
0.35	0
0.375	0
0.4	0
0.425	0
0.45	0
0.475	0
0.5	0
0.525	0
0.55	0
0.575	0
0.6	0
0.625	0
0.65	0
0.675	0
0.7	0
0.725	0
0.75	0
0.775	0
0.8	0
0.825	0
0.85	0
0.875	0
0.9	0
0.925	0
0.95	0
0.975	0
1	0
1.025	0
1.05	0.0488481
1.075	0.13205
1.1	0.239883
1.125	0.365609
1.15	0.504404
1.175	0.652704
1.2	0.807801
1.225	0.967589
1.25	1.1304
1.275	1.2949
1.3	1.45999
1.325	1.62479
1.35	1.78858
1.375	1.95076
1.4	2.11085
1.425	2.26847
1.45	2.42329
1.475	2.57506
1.5	2.7236
1.525	2.86875
1.55	3.0104
1.575	3.14848
1.6	3.28294
1.625	3.41375
1.65	3.54092
1.675	3.66444
1.7	3.78434
1.725	3.90066
1.75	4.01345
1.775	4.12275
1.8	4.22862
1.825	4.33112
1.85	4.43032
1.875	4.52629
1.9	4.61909
1.925	4.7088
1.95	4.79548
1.975	4.87922
2	4.96007
2.025	5.03812
2.05	5.11343
2.075	5.18607
2.1	5.25611
2.125	5.32361
2.15	5.38864
2.175	5.45127
2.2	5.51155
2.225	5.56955
2.25	5.62532
2.275	5.67893
2.3	5.73043
2.325	5.77987
2.35	5.82732
2.375	5.87281
2.4	5.9164
2.425	5.95814
2.45	5.99808
2.475	6.03625
2.5	6.07272
2.525	6.10752
2.55	6.14068
2.575	6.17227
2.6	6.2023
2.625	6.23083
2.65	6.25789
2.675	6.28352
2.7	6.30775
2.725	6.33062
2.75	6.35215
2.775	6.3724
2.8	6.39137
2.825	6.40912
2.85	6.42566
2.875	6.44103
2.9	6.45526
2.925	6.46837
2.95	6.48039
2.975	6.49135
3	6.50127
3.025	6.51019
3.05	6.51812
3.075	6.52508
3.1	6.53111
3.125	6.53622
3.15	6.54044
3.175	6.54379
3.2	6.54629
3.225	6.54796
3.25	6.54882
3.275	6.5489
3.3	6.54821
3.325	6.54676
3.35	6.54459
3.375	6.54171
3.4	6.53813
3.425	6.53387
3.45	6.52895
3.475	6.52339
3.5	6.5172
3.525	6.5104
3.55	6.503
3.575	6.49502
3.6	6.48648
3.625	6.47739
3.65	6.46776
3.675	6.4576
3.7	6.44694
3.725	6.43578
3.75	6.42414
3.775	6.41203
3.8	6.39946
3.825	6.38645
3.85	6.37301
3.875	6.35914
3.9	6.34487
3.925	6.3302
3.95	6.31514
3.975	6.2997
4	6.2839
4.025	6.26775
4.05	6.25125
4.075	6.23441
4.1	6.21725
4.125	6.19978
4.15	6.182
4.175	6.16392
4.2	6.14555
4.225	6.12691
4.25	6.10799
4.275	6.08882
4.3	6.06938
4.325	6.04971
4.35	6.0298
4.375	6.00965
4.4	5.98929
4.425	5.96871
4.45	5.94792
4.475	5.92693
4.5	5.90575
4.525	5.88438
4.55	5.86284
4.575	5.84112
4.6	5.81923
4.625	5.79719
4.65	5.77499
4.675	5.75264
4.7	5.73015
4.725	5.70752
4.75	5.68476
4.775	5.66188
4.8	5.63888
4.825	5.61577
4.85	5.59254
4.875	5.56921
4.9	5.54579
4.925	5.52226
4.95	5.49866
4.975	5.47496
5	5.45119
5.025	5.42734
5.05	5.40342
5.075	5.37943
5.1	5.35538
5.125	5.33127
5.15	5.30711
5.175	5.2829
5.2	5.25864
5.225	5.23434
5.25	5.21
5.275	5.18563
5.3	5.16122
5.325	5.13679
5.35	5.11233
5.375	5.08785
5.4	5.06335
5.425	5.03884
5.45	5.01431
5.475	4.98977
5.5	4.96523
5.525	4.94069
5.55	4.91614
5.575	4.8916
5.6	4.86706
5.625	4.84253
5.65	4.81801
5.675	4.79351
5.7	4.76902
5.725	4.74454
5.75	4.72009
5.775	4.69566
5.8	4.67125
5.825	4.64687
5.85	4.62252
5.875	4.5982
5.9	4.57392
5.925	4.54966
5.95	4.52545
5.975	4.50127
6	4.47714
6.025	4.45305
6.05	4.429
6.075	4.40499
6.1	4.38104
6.125	4.35713
6.15	4.33328
6.175	4.30947
6.2	4.28572
6.225	4.26203
6.25	4.23839
6.275	4.21481
6.3	4.19129
6.325	4.16783
6.35	4.14443
6.375	4.1211
6.4	4.09783
6.425	4.07462
6.45	4.05148
6.475	4.02841
6.5	4.00541
6.525	3.98248
6.55	3.95961
6.575	3.93682
6.6	3.91411
6.625	3.89146
6.65	3.86889
6.675	3.8464
6.7	3.82398
6.725	3.80164
6.75	3.77938
6.775	3.75719
6.8	3.73509
6.825	3.71306
6.85	3.69112
6.875	3.66925
6.9	3.64747
6.925	3.62577
6.95	3.60416
6.975	3.58263
7	3.56118
7.025	3.53982
7.05	3.51854
7.075	3.49735
7.1	3.47624
7.125	3.45522
7.15	3.43429
7.175	3.41344
7.2	3.39269
7.225	3.37202
7.25	3.35144
7.275	3.33095
7.3	3.31054
7.325	3.29023
7.35	3.27001
7.375	3.24987
7.4	3.22983
7.425	3.20988
7.45	3.19002
7.475	3.17025
7.5	3.15057
7.525	3.13098
7.55	3.11148
7.575	3.09208
7.6	3.07276
7.625	3.05354
7.65	3.03441
7.675	3.01538
7.7	2.99643
7.725	2.97758
7.75	2.95882
7.775	2.94015
7.8	2.92157
7.825	2.90309
7.85	2.8847
7.875	2.8664
7.9	2.84819
7.925	2.83008
7.95	2.81206
7.975	2.79413
8	2.77629
8.025	2.75854
8.05	2.74089
8.075	2.72333
8.1	2.70586
8.125	2.68849
8.15	2.6712
8.175	2.65401
8.2	2.63691
8.225	2.6199
8.25	2.60298
8.275	2.58615
8.3	2.56942
8.325	2.55277
8.35	2.53622
8.375	2.51976
8.4	2.50338
8.425	2.4871
8.45	2.47091
8.475	2.45481
8.5	2.43879
8.525	2.42287
8.55	2.40704
8.575	2.39129
8.6	2.37564
8.625	2.36007
8.65	2.34459
8.675	2.3292
8.7	2.3139
8.725	2.29869
8.75	2.28356
8.775	2.26853
8.8	2.25357
8.825	2.23871
8.85	2.22393
8.875	2.20924
8.9	2.19463
8.925	2.18011
8.95	2.16568
8.975	2.15133
9	2.13707
9.025	2.12289
9.05	2.10879
9.075	2.09478
9.1	2.08086
9.125	2.06701
9.15	2.05325
9.175	2.03958
9.2	2.02598
9.225	2.01247
9.25	1.99904
9.275	1.98569
9.3	1.97242
9.325	1.95924
9.35	1.94613
9.375	1.93311
9.4	1.92016
9.425	1.9073
9.45	1.89452
9.475	1.88181
9.5	1.86918
9.525	1.85663
9.55	1.84416
9.575	1.83177
9.6	1.81946
9.625	1.80722
9.65	1.79506
9.675	1.78298
9.7	1.77097
9.725	1.75904
9.75	1.74718
9.775	1.7354
9.8	1.72369
9.825	1.71206
9.85	1.7005
9.875	1.68902
9.9	1.67761
9.925	1.66627
9.95	1.65501
9.975	1.64382
10	1.6327
10.025	1.62165
10.05	1.61067
10.075	1.59977
10.1	1.58893
10.125	1.57817
10.15	1.56748
10.175	1.55685
10.2	1.5463
10.225	1.53581
10.25	1.52539
10.275	1.51504
10.3	1.50476
10.325	1.49455
10.35	1.4844
10.375	1.47432
10.4	1.46431
10.425	1.45436
10.45	1.44448
10.475	1.43467
10.5	1.42492
10.525	1.41523
10.55	1.40561
10.575	1.39606
10.6	1.38656
10.625	1.37713
10.65	1.36777
10.675	1.35847
10.7	1.34922
10.725	1.34005
10.75	1.33093
10.775	1.32187
10.8	1.31288
10.825	1.30395
10.85	1.29507
10.875	1.28626
10.9	1.27751
10.925	1.26881
10.95	1.26018
10.975	1.2516
11	1.24308
11.025	1.23462
11.05	1.22622
11.075	1.21787
11.1	1.20959
11.125	1.20136
11.15	1.19318
11.175	1.18506
11.2	1.177
11.225	1.16899
11.25	1.16104
11.275	1.15314
11.3	1.1453
11.325	1.13751
11.35	1.12978
11.375	1.12209
11.4	1.11447
11.425	1.10689
11.45	1.09937
11.475	1.0919
11.5	1.08448
11.525	1.07711
11.55	1.06979
11.575	1.06253
11.6	1.05531
11.625	1.04815
11.65	1.04104
11.675	1.03397
11.7	1.02696
11.725	1.01999
11.75	1.01307
11.775	1.0062
11.8	0.999384
11.825	0.992612
11.85	0.985887
11.875	0.97921
11.9	0.972579
11.925	0.965996
11.95	0.959459
11.975	0.952967
12	0.946522
12.025	0.940123
12.05	0.933768
12.075	0.927459
12.1	0.921194
12.125	0.914974
12.15	0.908798
12.175	0.902665
12.2	0.896577
12.225	0.890531
12.25	0.884529
12.275	0.878569
12.3	0.872652
12.325	0.866777
12.35	0.860944
12.375	0.855152
12.4	0.849402
12.425	0.843693
12.45	0.838025
12.475	0.832398
12.5	0.82681
12.525	0.821263
12.55	0.815756
12.575	0.810288
12.6	0.804859
12.625	0.799469
12.65	0.794118
12.675	0.788806
12.7	0.783532
12.725	0.778295
12.75	0.773097
12.775	0.767936
12.8	0.762812
12.825	0.757725
12.85	0.752675
12.875	0.747661
12.9	0.742684
12.925	0.737742
12.95	0.732837
12.975	0.727966
13	0.723131
13.025	0.718332
13.05	0.713566
13.075	0.708836
13.1	0.70414
13.125	0.699478
13.15	0.694849
13.175	0.690255
13.2	0.685693
13.225	0.681165
13.25	0.67667
13.275	0.672208
13.3	0.667778
13.325	0.66338
13.35	0.659015
13.375	0.654681
13.4	0.650379
13.425	0.646108
13.45	0.641869
13.475	0.63766
13.5	0.633482
13.525	0.629335
13.55	0.625218
13.575	0.621131
13.6	0.617074
13.625	0.613047
13.65	0.609049
13.675	0.605081
13.7	0.601141
13.725	0.597231
13.75	0.593349
13.775	0.589495
13.8	0.58567
13.825	0.581873
13.85	0.578104
13.875	0.574363
13.9	0.570649
13.925	0.566962
13.95	0.563303
13.975	0.55967
14	0.556064
14.025	0.552485
14.05	0.548932
14.075	0.545405
14.1	0.541904
14.125	0.538429
14.15	0.534979
14.175	0.531555
14.2	0.528156
14.225	0.524782
14.25	0.521434
14.275	0.518109
14.3	0.51481
14.325	0.511535
14.35	0.508283
14.375	0.505056
14.4	0.501853
14.425	0.498673
14.45	0.495517
14.475	0.492385
14.5	0.489275
14.525	0.486188
14.55	0.483125
14.575	0.480083
14.6	0.477065
14.625	0.474069
14.65	0.471094
14.675	0.468142
14.7	0.465212
14.725	0.462304
14.75	0.459417
14.775	0.456551
14.8	0.453707
14.825	0.450883
14.85	0.448081
14.875	0.445299
14.9	0.442538
14.925	0.439798
14.95	0.437078
14.975	0.434378
15	0.431698
15.025	0.429038
15.05	0.426397
15.075	0.423776
15.1	0.421175
15.125	0.418593
15.15	0.41603
15.175	0.413486
15.2	0.410961
15.225	0.408455
15.25	0.405967
15.275	0.403498
15.3	0.401047
15.325	0.398615
15.35	0.3962
15.375	0.393804
15.4	0.391425
15.425	0.389064
15.45	0.38672
15.475	0.384394
15.5	0.382085
15.525	0.379793
15.55	0.377518
15.575	0.375261
15.6	0.373019
15.625	0.370795
15.65	0.368587
15.675	0.366396
15.7	0.36422
15.725	0.362061
15.75	0.359918
15.775	0.357791
15.8	0.35568
15.825	0.353584
15.85	0.351504
15.875	0.34944
15.9	0.34739
15.925	0.345356
15.95	0.343337
15.975	0.341333
16	0.339344
16.025	0.33737
16.05	0.33541
16.075	0.333465
16.1	0.331535
16.125	0.329618
16.15	0.327716
16.175	0.325828
16.2	0.323954
16.225	0.322094
16.25	0.320248
16.275	0.318416
16.3	0.316597
16.325	0.314791
16.35	0.312999
16.375	0.31122
16.4	0.309455
16.425	0.307703
16.45	0.305963
16.475	0.304237
16.5	0.302523
16.525	0.300822
16.55	0.299133
16.575	0.297457
16.6	0.295794
16.625	0.294143
16.65	0.292504
16.675	0.290877
16.7	0.289262
16.725	0.287659
16.75	0.286068
16.775	0.284489
16.8	0.282922
16.825	0.281366
16.85	0.279821
16.875	0.278288
16.9	0.276767
16.925	0.275256
16.95	0.273757
16.975	0.272269
17	0.270792
17.025	0.269326
17.05	0.26787
17.075	0.266425
17.1	0.264991
17.125	0.263568
17.15	0.262155
17.175	0.260753
17.2	0.259361
17.225	0.257979
17.25	0.256607
17.275	0.255245
17.3	0.253894
17.325	0.252552
17.35	0.25122
17.375	0.249898
17.4	0.248586
17.425	0.247284
17.45	0.245991
17.475	0.244707
17.5	0.243433
17.525	0.242169
17.55	0.240913
17.575	0.239667
17.6	0.23843
17.625	0.237202
17.65	0.235983
17.675	0.234773
17.7	0.233572
17.725	0.23238
17.75	0.231196
17.775	0.230021
17.8	0.228855
17.825	0.227697
17.85	0.226548
17.875	0.225407
17.9	0.224274
17.925	0.22315
17.95	0.222034
17.975	0.220926
18	0.219826
18.025	0.218734
18.05	0.21765
18.075	0.216574
18.1	0.215506
18.125	0.214446
18.15	0.213393
18.175	0.212348
18.2	0.211311
18.225	0.210281
18.25	0.209259
18.275	0.208244
18.3	0.207236
18.325	0.206236
18.35	0.205243
18.375	0.204257
18.4	0.203279
18.425	0.202307
18.45	0.201343
18.475	0.200385
18.5	0.199435
18.525	0.198491
18.55	0.197554
18.575	0.196624
18.6	0.1957
18.625	0.194784
18.65	0.193873
18.675	0.19297
18.7	0.192073
18.725	0.191182
18.75	0.190298
18.775	0.18942
18.8	0.188548
18.825	0.187683
18.85	0.186824
18.875	0.185971
18.9	0.185124
18.925	0.184284
18.95	0.183449
18.975	0.18262
19	0.181797
19.025	0.180981
19.05	0.180169
19.075	0.179364
19.1	0.178565
19.125	0.177771
19.15	0.176983
19.175	0.1762
19.2	0.175423
19.225	0.174652
19.25	0.173886
19.275	0.173125
19.3	0.17237
19.325	0.17162
19.35	0.170876
19.375	0.170136
19.4	0.169402
19.425	0.168674
19.45	0.16795
19.475	0.167232
19.5	0.166518
19.525	0.16581
19.55	0.165106
19.575	0.164408
19.6	0.163714
19.625	0.163026
19.65	0.162342
19.675	0.161663
19.7	0.160989
19.725	0.160319
19.75	0.159654
19.775	0.158994
19.8	0.158339
19.825	0.157688
19.85	0.157041
19.875	0.1564
19.9	0.155762
19.925	0.155129
19.95	0.154501
19.975	0.153876
20	0.153257
20.025	0.152641
20.05	0.15203
20.075	0.151423
20.1	0.15082
20.125	0.150221
20.15	0.149627
20.175	0.149036
20.2	0.14845
20.225	0.147868
20.25	0.14729
20.275	0.146715
20.3	0.146145
20.325	0.145579
20.35	0.145016
20.375	0.144457
20.4	0.143902
20.425	0.143351
20.45	0.142804
20.475	0.142261
20.5	0.141721
20.525	0.141185
20.55	0.140652
20.575	0.140123
20.6	0.139598
20.625	0.139077
20.65	0.138558
20.675	0.138044
20.7	0.137533
20.725	0.137025
20.75	0.136521
20.775	0.13602
20.8	0.135522
20.825	0.135028
20.85	0.134538
20.875	0.13405
20.9	0.133566
20.925	0.133085
20.95	0.132607
20.975	0.132133
21	0.131661
21.025	0.131193
21.05	0.130728
21.075	0.130266
21.1	0.129807
21.125	0.129351
21.15	0.128899
21.175	0.128449
21.2	0.128002
21.225	0.127558
21.25	0.127117
21.275	0.126679
21.3	0.126244
21.325	0.125812
21.35	0.125382
21.375	0.124956
21.4	0.124532
21.425	0.124111
21.45	0.123693
21.475	0.123277
21.5	0.122864
21.525	0.122454
21.55	0.122047
21.575	0.121642
21.6	0.12124
21.625	0.120841
21.65	0.120444
21.675	0.120049
21.7	0.119657
21.725	0.119268
21.75	0.118881
21.775	0.118497
21.8	0.118115
21.825	0.117736
21.85	0.117359
21.875	0.116985
21.9	0.116612
21.925	0.116243
21.95	0.115875
21.975	0.11551
22	0.115148
22.025	0.114787
22.05	0.114429
22.075	0.114073
22.1	0.11372
22.125	0.113368
22.15	0.113019
22.175	0.112672
22.2	0.112328
22.225	0.111985
22.25	0.111645
22.275	0.111306
22.3	0.11097
22.325	0.110636
22.35	0.110304
22.375	0.109974
22.4	0.109646
22.425	0.10932
22.45	0.108997
22.475	0.108675
22.5	0.108355
22.525	0.108037
22.55	0.107721
22.575	0.107407
22.6	0.107095
22.625	0.106785
22.65	0.106477
22.675	0.106171
22.7	0.105866
22.725	0.105564
22.75	0.105263
22.775	0.104964
22.8	0.104667
22.825	0.104371
22.85	0.104078
22.875	0.103786
22.9	0.103496
22.925	0.103208
22.95	0.102921
22.975	0.102637
23	0.102353
23.025	0.102072
23.05	0.101792
23.075	0.101514
23.1	0.101238
23.125	0.100963
23.15	0.10069
23.175	0.100418
23.2	0.100148
23.225	0.0998799
23.25	0.0996131
23.275	0.0993479
23.3	0.0990843
23.325	0.0988221
23.35	0.0985616
23.375	0.0983025
23.4	0.0980449
23.425	0.0977888
23.45	0.0975343
23.475	0.0972811
23.5	0.0970295
23.525	0.0967793
23.55	0.0965305
23.575	0.0962832
23.6	0.0960372
23.625	0.0957927
23.65	0.0955496
23.675	0.0953079
23.7	0.0950675
23.725	0.0948285
23.75	0.0945908
23.775	0.0943545
23.8	0.0941195
23.825	0.0938859
23.85	0.0936535
23.875	0.0934225
23.9	0.0931928
23.925	0.0929643
23.95	0.0927371
23.975	0.0925112
24	0.0922865
24.025	0.092063
24.05	0.0918408
24.075	0.0916199
24.1	0.0914001
24.125	0.0911816
24.15	0.0909642
24.175	0.090748
24.2	0.090533
24.225	0.0903192
24.25	0.0901066
24.275	0.089895
24.3	0.0896847
24.325	0.0894755
24.35	0.0892674
24.375	0.0890604
24.4	0.0888545
24.425	0.0886497
24.45	0.088446
24.475	0.0882434
24.5	0.0880419
24.525	0.0878415
24.55	0.0876421
24.575	0.0874437
24.6	0.0872465
24.625	0.0870502
24.65	0.086855
24.675	0.0866608
24.7	0.0864676
24.725	0.0862754
24.75	0.0860842
24.775	0.085894
24.8	0.0857048
24.825	0.0855165
24.85	0.0853292
24.875	0.0851429
24.9	0.0849576
24.925	0.0847732
24.95	0.0845897
24.975	0.0844072
25	0.0842256
25.025	0.0840449
25.05	0.0838651
25.075	0.0836862
25.1	0.0835082
25.125	0.0833311
25.15	0.0831549
25.175	0.0829796
25.2	0.0828052
25.225	0.0826316
25.25	0.0824589
25.275	0.082287
25.3	0.082116
25.325	0.0819458
25.35	0.0817764
25.375	0.0816079
25.4	0.0814402
25.425	0.0812733
25.45	0.0811073
25.475	0.080942
25.5	0.0807775
25.525	0.0806138
25.55	0.0804509
25.575	0.0802888
25.6	0.0801275
25.625	0.0799669
25.65	0.0798071
25.675	0.079648
25.7	0.0794897
25.725	0.0793322
25.75	0.0791754
25.775	0.0790193
25.8	0.0788639
25.825	0.0787093
25.85	0.0785554
25.875	0.0784022
25.9	0.0782497
25.925	0.078098
25.95	0.0779469
25.975	0.0777965
26	0.0776468
26.025	0.0774978
26.05	0.0773494
26.075	0.0772018
26.1	0.0770548
26.125	0.0769085
26.15	0.0767628
26.175	0.0766178
26.2	0.0764734
26.225	0.0763297
26.25	0.0761866
26.275	0.0760441
26.3	0.0759023
26.325	0.0757611
26.35	0.0756206
26.375	0.0754806
26.4	0.0753413
26.425	0.0752026
26.45	0.0750644
26.475	0.0749269
26.5	0.07479
26.525	0.0746536
26.55	0.0745179
26.575	0.0743827
26.6	0.0742481
26.625	0.0741141
26.65	0.0739807
26.675	0.0738478
26.7	0.0737155
26.725	0.0735837
26.75	0.0734525
26.775	0.0733218
26.8	0.0731917
26.825	0.0730622
26.85	0.0729331
26.875	0.0728046
26.9	0.0726767
26.925	0.0725492
26.95	0.0724223
26.975	0.0722959
27	0.0721701
27.025	0.0720447
27.05	0.0719198
27.075	0.0717955
27.1	0.0716716
27.125	0.0715483
27.15	0.0714254
27.175	0.0713031
27.2	0.0711812
27.225	0.0710598
27.25	0.0709389
27.275	0.0708185
27.3	0.0706985
27.325	0.070579
27.35	0.07046
27.375	0.0703414
27.4	0.0702233
27.425	0.0701057
27.45	0.0699885
27.475	0.0698718
27.5	0.0697555
27.525	0.0696397
27.55	0.0695243
27.575	0.0694093
27.6	0.0692948
27.625	0.0691807
27.65	0.0690671
27.675	0.0689538
27.7	0.068841
27.725	0.0687286
27.75	0.0686167
27.775	0.0685051
27.8	0.068394
27.825	0.0682833
27.85	0.068173
27.875	0.0680631
27.9	0.0679535
27.925	0.0678444
27.95	0.0677357
27.975	0.0676274
28	0.0675195
28.025	0.0674119
28.05	0.0673048
28.075	0.067198
28.1	0.0670916
28.125	0.0669856
28.15	0.0668799
28.175	0.0667747
28.2	0.0666698
28.225	0.0665652
28.25	0.0664611
28.275	0.0663573
28.3	0.0662538
28.325	0.0661508
28.35	0.066048
28.375	0.0659457
28.4	0.0658436
28.425	0.065742
28.45	0.0656406
28.475	0.0655397
28.5	0.065439
28.525	0.0653387
28.55	0.0652387
28.575	0.0651391
28.6	0.0650398
28.625	0.0649409
28.65	0.0648422
28.675	0.0647439
28.7	0.0646459
28.725	0.0645483
28.75	0.0644509
28.775	0.0643539
28.8	0.0642572
28.825	0.0641608
28.85	0.0640647
28.875	0.0639689
28.9	0.0638735
28.925	0.0637783
28.95	0.0636834
28.975	0.0635889
29	0.0634946
29.025	0.0634007
29.05	0.063307
29.075	0.0632136
29.1	0.0631206
29.125	0.0630278
29.15	0.0629353
29.175	0.0628431
29.2	0.0627511
29.225	0.0626595
29.25	0.0625681
29.275	0.0624771
29.3	0.0623863
29.325	0.0622957
29.35	0.0622055
29.375	0.0621155
29.4	0.0620258
29.425	0.0619363
29.45	0.0618472
29.475	0.0617583
29.5	0.0616696
29.525	0.0615812
29.55	0.0614931
29.575	0.0614053
29.6	0.0613177
29.625	0.0612303
29.65	0.0611432
29.675	0.0610564
29.7	0.0609698
29.725	0.0608835
29.75	0.0607974
29.775	0.0607115
29.8	0.0606259
29.825	0.0605406
29.85	0.0604555
29.875	0.0603706
29.9	0.060286
29.925	0.0602016
29.95	0.0601174
29.975	0.0600335
30	0.0599498
30.025	0.0598663
30.05	0.0597831
30.075	0.0597001
30.1	0.0596173
30.125	0.0595348
30.15	0.0594525
30.175	0.0593704
30.2	0.0592885
30.225	0.0592069
30.25	0.0591254
30.275	0.0590442
30.3	0.0589632
30.325	0.0588824
30.35	0.0588019
30.375	0.0587215
30.4	0.0586414
30.425	0.0585615
30.45	0.0584818
30.475	0.0584022
30.5	0.0583229
30.525	0.0582439
30.55	0.058165
30.575	0.0580863
30.6	0.0580078
30.625	0.0579295
30.65	0.0578514
30.675	0.0577735
30.7	0.0576959
30.725	0.0576184
30.75	0.0575411
30.775	0.057464
30.8	0.0573871
30.825	0.0573104
30.85	0.0572339
30.875	0.0571575
30.9	0.0570814
30.925	0.0570054
30.95	0.0569297
30.975	0.0568541
31	0.0567787
31.025	0.0567035
31.05	0.0566285
31.075	0.0565536
31.1	0.0564789
31.125	0.0564045
31.15	0.0563302
31.175	0.056256
31.2	0.0561821
31.225	0.0561083
31.25	0.0560347
31.275	0.0559613
31.3	0.055888
31.325	0.0558149
31.35	0.055742
31.375	0.0556693
31.4	0.0555967
31.425	0.0555243
31.45	0.0554521
31.475	0.05538
31.5	0.0553081
31.525	0.0552364
31.55	0.0551648
31.575	0.0550934
31.6	0.0550221
31.625	0.0549511
31.65	0.0548801
31.675	0.0548094
31.7	0.0547388
31.725	0.0546683
31.75	0.054598
31.775	0.0545279
31.8	0.0544579
31.825	0.0543881
31.85	0.0543184
31.875	0.0542489
31.9	0.0541795
31.925	0.0541103
31.95	0.0540412
31.975	0.0539723
32	0.0539036
32.025	0.053835
32.05	0.0537665
32.075	0.0536982
32.1	0.05363
32.125	0.053562
32.15	0.0534941
32.175	0.0534263
32.2	0.0533587
32.225	0.0532913
32.25	0.053224
32.275	0.0531568
32.3	0.0530898
32.325	0.0530229
32.35	0.0529561
32.375	0.0528895
32.4	0.052823
32.425	0.0527567
32.45	0.0526905
32.475	0.0526244
32.5	0.0525585
32.525	0.0524927
32.55	0.052427
32.575	0.0523615
32.6	0.0522961
32.625	0.0522309
32.65	0.0521657
32.675	0.0521007
32.7	0.0520358
32.725	0.0519711
32.75	0.0519065
32.775	0.051842
32.8	0.0517776
32.825	0.0517134
32.85	0.0516493
32.875	0.0515853
32.9	0.0515215
32.925	0.0514577
32.95	0.0513941
32.975	0.0513306
33	0.0512673
33.025	0.051204
33.05	0.0511409
33.075	0.0510779
33.1	0.0510151
33.125	0.0509523
33.15	0.0508897
33.175	0.0508272
33.2	0.0507648
33.225	0.0507025
33.25	0.0506403
33.275	0.0505783
33.3	0.0505163
33.325	0.0504545
33.35	0.0503928
33.375	0.0503312
33.4	0.0502698
33.425	0.0502084
33.45	0.0501472
33.475	0.0500861
33.5	0.050025
33.525	0.0499641
33.55	0.0499033
33.575	0.0498427
33.6	0.0497821
33.625	0.0497216
33.65	0.0496613
33.675	0.049601
33.7	0.0495409
33.725	0.0494809
33.75	0.0494209
33.775	0.0493611
33.8	0.0493014
33.825	0.0492418
33.85	0.0491823
33.875	0.0491229
33.9	0.0490637
33.925	0.0490045
33.95	0.0489454
33.975	0.0488864
34	0.0488276
34.025	0.0487688
34.05	0.0487101
34.075	0.0486516
34.1	0.0485931
34.125	0.0485348
34.15	0.0484765
34.175	0.0484184
34.2	0.0483603
34.225	0.0483023
34.25	0.0482445
34.275	0.0481867
34.3	0.0481291
34.325	0.0480715
34.35	0.048014
34.375	0.0479567
34.4	0.0478994
34.425	0.0478422
34.45	0.0477851
34.475	0.0477282
34.5	0.0476713
34.525	0.0476145
34.55	0.0475578
34.575	0.0475012
34.6	0.0474447
34.625	0.0473882
34.65	0.0473319
34.675	0.0472757
34.7	0.0472195
34.725	0.0471635
34.75	0.0471075
34.775	0.0470517
34.8	0.0469959
34.825	0.0469402
34.85	0.0468846
34.875	0.0468291
34.9	0.0467737
34.925	0.0467184
34.95	0.0466632
34.975	0.046608
35	0.046553
35.025	0.046498
35.05	0.0464431
35.075	0.0463883
35.1	0.0463336
35.125	0.046279
35.15	0.0462245
35.175	0.04617
35.2	0.0461157
35.225	0.0460614
35.25	0.0460072
35.275	0.0459531
35.3	0.0458991
35.325	0.0458451
35.35	0.0457913
35.375	0.0457375
35.4	0.0456838
35.425	0.0456302
35.45	0.0455767
35.475	0.0455233
35.5	0.0454699
35.525	0.0454166
35.55	0.0453635
35.575	0.0453103
35.6	0.0452573
35.625	0.0452044
35.65	0.0451515
35.675	0.0450987
35.7	0.045046
35.725	0.0449934
35.75	0.0449409
35.775	0.0448884
35.8	0.044836
35.825	0.0447837
35.85	0.0447315
35.875	0.0446793
35.9	0.0446273
35.925	0.0445753
35.95	0.0445233
35.975	0.0444715
36	0.0444198
36.025	0.0443681
36.05	0.0443165
36.075	0.0442649
36.1	0.0442135
36.125	0.0441621
36.15	0.0441108
36.175	0.0440596
36.2	0.0440084
36.225	0.0439573
36.25	0.0439063
36.275	0.0438554
36.3	0.0438045
36.325	0.0437538
36.35	0.0437031
36.375	0.0436524
36.4	0.0436019
36.425	0.0435514
36.45	0.043501
36.475	0.0434506
36.5	0.0434004
36.525	0.0433502
36.55	0.0433
36.575	0.04325
36.6	0.0432
36.625	0.0431501
36.65	0.0431003
36.675	0.0430505
36.7	0.0430008
36.725	0.0429512
36.75	0.0429016
36.775	0.0428521
36.8	0.0428027
36.825	0.0427534
36.85	0.0427041
36.875	0.0426549
36.9	0.0426058
36.925	0.0425567
36.95	0.0425077
36.975	0.0424588
37	0.0424099
37.025	0.0423611
37.05	0.0423124
37.075	0.0422637
37.1	0.0422151
37.125	0.0421666
37.15	0.0421182
37.175	0.0420698
37.2	0.0420215
37.225	0.0419732
37.25	0.041925
37.275	0.0418769
37.3	0.0418289
37.325	0.0417809
37.35	0.0417329
37.375	0.0416851
37.4	0.0416373
37.425	0.0415896
37.45	0.0415419
37.475	0.0414943
37.5	0.0414468
37.525	0.0413993
37.55	0.0413519
37.575	0.0413046
37.6	0.0412573
37.625	0.0412101
37.65	0.041163
37.675	0.0411159
37.7	0.0410689
37.725	0.0410219
37.75	0.040975
37.775	0.0409282
37.8	0.0408814
37.825	0.0408347
37.85	0.0407881
37.875	0.0407415
37.9	0.040695
37.925	0.0406485
37.95	0.0406021
37.975	0.0405558
38	0.0405095
38.025	0.0404633
38.05	0.0404172
38.075	0.0403711
38.1	0.0403251
38.125	0.0402791
38.15	0.0402332
38.175	0.0401874
38.2	0.0401416
38.225	0.0400959
38.25	0.0400502
38.275	0.0400046
38.3	0.0399591
38.325	0.0399136
38.35	0.0398682
38.375	0.0398228
38.4	0.0397775
38.425	0.0397323
38.45	0.0396871
38.475	0.0396419
38.5	0.0395969
38.525	0.0395519
38.55	0.0395069
38.575	0.039462
38.6	0.0394172
38.625	0.0393724
38.65	0.0393277
38.675	0.039283
38.7	0.0392384
38.725	0.0391939
38.75	0.0391494
38.775	0.039105
38.8	0.0390606
38.825	0.0390163
38.85	0.038972
38.875	0.0389278
38.9	0.0388837
38.925	0.0388396
38.95	0.0387956
38.975	0.0387516
39	0.0387077
39.025	0.0386638
39.05	0.03862
39.075	0.0385763
39.1	0.0385326
39.125	0.0384889
39.15	0.0384453
39.175	0.0384018
39.2	0.0383583
39.225	0.0383149
39.25	0.0382716
39.275	0.0382282
39.3	0.038185
39.325	0.0381418
39.35	0.0380986
39.375	0.0380556
39.4	0.0380125
39.425	0.0379695
39.45	0.0379266
39.475	0.0378837
39.5	0.0378409
39.525	0.0377982
39.55	0.0377554
39.575	0.0377128
39.6	0.0376702
39.625	0.0376276
39.65	0.0375851
39.675	0.0375427
39.7	0.0375003
39.725	0.0374579
39.75	0.0374156
39.775	0.0373734
39.8	0.0373312
39.825	0.0372891
39.85	0.037247
39.875	0.037205
39.9	0.037163
39.925	0.0371211
39.95	0.0370792
39.975	0.0370374
40	0.0369956
40.025	0.0369539
40.05	0.0369123
40.075	0.0368707
40.1	0.0368291
40.125	0.0367876
40.15	0.0367461
40.175	0.0367047
40.2	0.0366634
40.225	0.0366221
40.25	0.0365808
40.275	0.0365396
40.3	0.0364985
40.325	0.0364574
40.35	0.0364163
40.375	0.0363753
40.4	0.0363343
40.425	0.0362934
40.45	0.0362526
40.475	0.0362118
40.5	0.036171
40.525	0.0361303
40.55	0.0360897
40.575	0.0360491
40.6	0.0360085
40.625	0.035968
40.65	0.0359276
40.675	0.0358872
40.7	0.0358468
40.725	0.0358065
40.75	0.0357662
40.775	0.035726
40.8	0.0356859
40.825	0.0356458
40.85	0.0356057
40.875	0.0355657
40.9	0.0355257
40.925	0.0354858
40.95	0.0354459
40.975	0.0354061
41	0.0353663
41.025	0.0353266
41.05	0.0352869
41.075	0.0352473
41.1	0.0352077
41.125	0.0351682
41.15	0.0351287
41.175	0.0350892
41.2	0.0350498
41.225	0.0350105
41.25	0.0349712
41.275	0.034932
41.3	0.0348927
41.325	0.0348536
41.35	0.0348145
41.375	0.0347754
41.4	0.0347364
41.425	0.0346974
41.45	0.0346585
41.475	0.0346196
41.5	0.0345808
41.525	0.034542
41.55	0.0345033
41.575	0.0344646
41.6	0.0344259
41.625	0.0343873
41.65	0.0343488
41.675	0.0343103
41.7	0.0342718
41.725	0.0342334
41.75	0.034195
41.775	0.0341567
41.8	0.0341184
41.825	0.0340802
41.85	0.034042
41.875	0.0340039
41.9	0.0339658
41.925	0.0339277
41.95	0.0338897
41.975	0.0338517
42	0.0338138
42.025	0.0337759
42.05	0.0337381
42.075	0.0337003
42.1	0.0336626
42.125	0.0336249
42.15	0.0335872
42.175	0.0335496
42.2	0.0335121
42.225	0.0334745
42.25	0.0334371
42.275	0.0333996
42.3	0.0333623
42.325	0.0333249
42.35	0.0332876
42.375	0.0332504
42.4	0.0332132
42.425	0.033176
42.45	0.0331389
42.475	0.0331018
42.5	0.0330648
42.525	0.0330278
42.55	0.0329908
42.575	0.0329539
42.6	0.0329171
42.625	0.0328802
42.65	0.0328435
42.675	0.0328067
42.7	0.03277
42.725	0.0327334
42.75	0.0326968
42.775	0.0326602
42.8	0.0326237
42.825	0.0325872
42.85	0.0325508
42.875	0.0325144
42.9	0.0324781
42.925	0.0324418
42.95	0.0324055
42.975	0.0323693
43	0.0323331
43.025	0.032297
43.05	0.0322609
43.075	0.0322248
43.1	0.0321888
43.125	0.0321528
43.15	0.0321169
43.175	0.032081
43.2	0.0320452
43.225	0.0320094
43.25	0.0319736
43.275	0.0319379
43.3	0.0319022
43.325	0.0318666
43.35	0.031831
43.375	0.0317954
43.4	0.0317599
43.425	0.0317245
43.45	0.031689
43.475	0.0316536
43.5	0.0316183
43.525	0.031583
43.55	0.0315477
43.575	0.0315125
43.6	0.0314773
43.625	0.0314422
43.65	0.0314071
43.675	0.031372
43.7	0.031337
43.725	0.031302
43.75	0.0312671
43.775	0.0312322
43.8	0.0311973
43.825	0.0311625
43.85	0.0311277
43.875	0.031093
43.9	0.0310583
43.925	0.0310236
43.95	0.030989
43.975	0.0309544
44	0.0309199
44.025	0.0308854
44.05	0.0308509
44.075	0.0308165
44.1	0.0307821
44.125	0.0307478
44.15	0.0307135
44.175	0.0306792
44.2	0.030645
44.225	0.0306108
44.25	0.0305767
44.275	0.0305426
44.3	0.0305085
44.325	0.0304745
44.35	0.0304405
44.375	0.0304065
44.4	0.0303726
44.425	0.0303387
44.45	0.0303049
44.475	0.0302711
44.5	0.0302374
44.525	0.0302037
44.55	0.03017
44.575	0.0301363
44.6	0.0301027
44.625	0.0300692
44.65	0.0300357
44.675	0.0300022
44.7	0.0299687
44.725	0.0299353
44.75	0.0299019
44.775	0.0298686
44.8	0.0298353
44.825	0.0298021
44.85	0.0297688
44.875	0.0297357
44.9	0.0297025
44.925	0.0296694
44.95	0.0296364
44.975	0.0296033
45	0.0295703
45.025	0.0295374
45.05	0.0295045
45.075	0.0294716
45.1	0.0294388
45.125	0.029406
45.15	0.0293732
45.175	0.0293405
45.2	0.0293078
45.225	0.0292751
45.25	0.0292425
45.275	0.0292099
45.3	0.0291774
45.325	0.0291449
45.35	0.0291124
45.375	0.02908
45.4	0.0290476
45.425	0.0290152
45.45	0.0289829
45.475	0.0289506
45.5	0.0289184
45.525	0.0288862
45.55	0.028854
45.575	0.0288219
45.6	0.0287898
45.625	0.0287577
45.65	0.0287257
45.675	0.0286937
45.7	0.0286617
45.725	0.0286298
45.75	0.0285979
45.775	0.0285661
45.8	0.0285343
45.825	0.0285025
45.85	0.0284708
45.875	0.0284391
45.9	0.0284074
45.925	0.0283758
45.95	0.0283442
45.975	0.0283126
46	0.0282811
46.025	0.0282496
46.05	0.0282182
46.075	0.0281867
46.1	0.0281554
46.125	0.028124
46.15	0.0280927
46.175	0.0280614
46.2	0.0280302
46.225	0.027999
46.25	0.0279678
46.275	0.0279367
46.3	0.0279056
46.325	0.0278746
46.35	0.0278435
46.375	0.0278125
46.4	0.0277816
46.425	0.0277507
46.45	0.0277198
46.475	0.0276889
46.5	0.0276581
46.525	0.0276273
46.55	0.0275966
46.575	0.0275659
46.6	0.0275352
46.625	0.0275046
46.65	0.027474
46.675	0.0274434
46.7	0.0274128
46.725	0.0273823
46.75	0.0273519
46.775	0.0273214
46.8	0.027291
46.825	0.0272607
46.85	0.0272303
46.875	0.0272
46.9	0.0271698
46.925	0.0271396
46.95	0.0271094
46.975	0.0270792
47	0.0270491
47.025	0.027019
47.05	0.0269889
47.075	0.0269589
47.1	0.0269289
47.125	0.0268989
47.15	0.026869
47.175	0.0268391
47.2	0.0268093
47.225	0.0267795
47.25	0.0267497
47.275	0.0267199
47.3	0.0266902
47.325	0.0266605
47.35	0.0266309
47.375	0.0266012
47.4	0.0265716
47.425	0.0265421
47.45	0.0265126
47.475	0.0264831
47.5	0.0264536
47.525	0.0264242
47.55	0.0263948
47.575	0.0263655
47.6	0.0263361
47.625	0.0263069
47.65	0.0262776
47.675	0.0262484
47.7	0.0262192
47.725	0.02619
47.75	0.0261609
47.775	0.0261318
47.8	0.0261028
47.825	0.0260737
47.85	0.0260447
47.875	0.0260158
47.9	0.0259868
47.925	0.0259579
47.95	0.0259291
47.975	0.0259003
48	0.0258715
48.025	0.0258427
48.05	0.025814
48.075	0.0257853
48.1	0.0257566
48.125	0.0257279
48.15	0.0256993
48.175	0.0256708
48.2	0.0256422
48.225	0.0256137
48.25	0.0255852
48.275	0.0255568
48.3	0.0255284
48.325	0.0255
48.35	0.0254717
48.375	0.0254433
48.4	0.025415
48.425	0.0253868
48.45	0.0253586
48.475	0.0253304
48.5	0.0253022
48.525	0.0252741
48.55	0.025246
48.575	0.0252179
48.6	0.0251899
48.625	0.0251619
48.65	0.0251339
48.675	0.025106
48.7	0.0250781
48.725	0.0250502
48.75	0.0250224
48.775	0.0249946
48.8	0.0249668
48.825	0.024939
48.85	0.0249113
48.875	0.0248836
48.9	0.024856
48.925	0.0248283
48.95	0.0248007
48.975	0.0247732
49	0.0247456
49.025	0.0247181
49.05	0.0246907
49.075	0.0246632
49.1	0.0246358
49.125	0.0246084
49.15	0.0245811
49.175	0.0245538
49.2	0.0245265
49.225	0.0244992
49.25	0.024472
49.275	0.0244448
49.3	0.0244176
49.325	0.0243905
49.35	0.0243634
49.375	0.0243363
49.4	0.0243093
49.425	0.0242823
49.45	0.0242553
49.475	0.0242283
49.5	0.0242014
49.525	0.0241745
49.55	0.0241476
49.575	0.0241208
49.6	0.024094
49.625	0.0240672
49.65	0.0240405
49.675	0.0240138
49.7	0.0239871
49.725	0.0239604
49.75	0.0239338
49.775	0.0239072
49.8	0.0238806
49.825	0.0238541
49.85	0.0238276
49.875	0.0238011
49.9	0.0237747
49.925	0.0237483
49.95	0.0237219
49.975	0.0236955
50	0.0236692
50.025	0.0236429
50.05	0.0236166
50.075	0.0235904
50.1	0.0235642
50.125	0.023538
50.15	0.0235119
50.175	0.0234857
50.2	0.0234596
50.225	0.0234336
50.25	0.0234075
50.275	0.0233815
50.3	0.0233556
50.325	0.0233296
50.35	0.0233037
50.375	0.0232778
50.4	0.0232519
50.425	0.0232261
50.45	0.0232003
50.475	0.0231745
50.5	0.0231488
50.525	0.0231231
50.55	0.0230974
50.575	0.0230717
50.6	0.0230461
50.625	0.0230205
50.65	0.0229949
50.675	0.0229694
50.7	0.0229439
50.725	0.0229184
50.75	0.0228929
50.775	0.0228675
50.8	0.0228421
50.825	0.0228167
50.85	0.0227914
50.875	0.022766
50.9	0.0227407
50.925	0.0227155
50.95	0.0226903
50.975	0.022665
51	0.0226399
51.025	0.0226147
51.05	0.0225896
51.075	0.0225645
51.1	0.0225394
51.125	0.0225144
51.15	0.0224894
51.175	0.0224644
51.2	0.0224395
51.225	0.0224145
51.25	0.0223897
51.275	0.0223648
51.3	0.0223399
51.325	0.0223151
51.35	0.0222903
51.375	0.0222656
51.4	0.0222409
51.425	0.0222161
51.45	0.0221915
51.475	0.0221668
51.5	0.0221422
51.525	0.0221176
51.55	0.022093
51.575	0.0220685
51.6	0.022044
51.625	0.0220195
51.65	0.0219951
51.675	0.0219706
51.7	0.0219462
51.725	0.0219219
51.75	0.0218975
51.775	0.0218732
51.8	0.0218489
51.825	0.0218246
51.85	0.0218004
51.875	0.0217762
51.9	0.021752
51.925	0.0217278
51.95	0.0217037
51.975	0.0216796
52	0.0216555
52.025	0.0216315
52.05	0.0216074
52.075	0.0215834
52.1	0.0215595
52.125	0.0215355
52.15	0.0215116
52.175	0.0214877
52.2	0.0214639
52.225	0.02144
52.25	0.0214162
52.275	0.0213924
52.3	0.0213687
52.325	0.0213449
52.35	0.0213212
52.375	0.0212976
52.4	0.0212739
52.425	0.0212503
52.45	0.0212267
52.475	0.0212031
52.5	0.0211796
52.525	0.0211561
52.55	0.0211326
52.575	0.0211091
52.6	0.0210856
52.625	0.0210622
52.65	0.0210388
52.675	0.0210155
52.7	0.0209921
52.725	0.0209688
52.75	0.0209455
52.775	0.0209223
52.8	0.0208991
52.825	0.0208758
52.85	0.0208527
52.875	0.0208295
52.9	0.0208064
52.925	0.0207833
52.95	0.0207602
52.975	0.0207371
53	0.0207141
53.025	0.0206911
53.05	0.0206681
53.075	0.0206452
53.1	0.0206223
53.125	0.0205994
53.15	0.0205765
53.175	0.0205536
53.2	0.0205308
53.225	0.020508
53.25	0.0204852
53.275	0.0204625
53.3	0.0204398
53.325	0.0204171
53.35	0.0203944
53.375	0.0203718
53.4	0.0203491
53.425	0.0203266
53.45	0.020304
53.475	0.0202814
53.5	0.0202589
53.525	0.0202364
53.55	0.020214
53.575	0.0201915
53.6	0.0201691
53.625	0.0201467
53.65	0.0201243
53.675	0.020102
53.7	0.0200797
53.725	0.0200574
53.75	0.0200351
53.775	0.0200128
53.8	0.0199906
53.825	0.0199684
53.85	0.0199463
53.875	0.0199241
53.9	0.019902
53.925	0.0198799
53.95	0.0198578
53.975	0.0198358
54	0.0198137
54.025	0.0197917
54.05	0.0197698
54.075	0.0197478
54.1	0.0197259
54.125	0.019704
54.15	0.0196821
54.175	0.0196603
54.2	0.0196384
54.225	0.0196166
54.25	0.0195949
54.275	0.0195731
54.3	0.0195514
54.325	0.0195297
54.35	0.019508
54.375	0.0194863
54.4	0.0194647
54.425	0.0194431
54.45	0.0194215
54.475	0.0193999
54.5	0.0193784
54.525	0.0193569
54.55	0.0193354
54.575	0.0193139
54.6	0.0192925
54.625	0.019271
54.65	0.0192496
54.675	0.0192283
54.7	0.0192069
54.725	0.0191856
54.75	0.0191643
54.775	0.019143
54.8	0.0191218
54.825	0.0191005
54.85	0.0190793
54.875	0.0190582
54.9	0.019037
54.925	0.0190159
54.95	0.0189948
54.975	0.0189737
55	0.0189526
55.025	0.0189316
55.05	0.0189105
55.075	0.0188895
55.1	0.0188686
55.125	0.0188476
55.15	0.0188267
55.175	0.0188058
55.2	0.0187849
55.225	0.0187641
55.25	0.0187432
55.275	0.0187224
55.3	0.0187016
55.325	0.0186809
55.35	0.0186601
55.375	0.0186394
55.4	0.0186187
55.425	0.0185981
55.45	0.0185774
55.475	0.0185568
55.5	0.0185362
55.525	0.0185156
55.55	0.0184951
55.575	0.0184745
55.6	0.018454
55.625	0.0184335
55.65	0.0184131
55.675	0.0183926
55.7	0.0183722
55.725	0.0183518
55.75	0.0183314
55.775	0.0183111
55.8	0.0182907
55.825	0.0182704
55.85	0.0182502
55.875	0.0182299
55.9	0.0182097
55.925	0.0181894
55.95	0.0181693
55.975	0.0181491
56	0.0181289
56.025	0.0181088
56.05	0.0180887
56.075	0.0180686
56.1	0.0180486
56.125	0.0180285
56.15	0.0180085
56.175	0.0179885
56.2	0.0179686
56.225	0.0179486
56.25	0.0179287
56.275	0.0179088
56.3	0.0178889
56.325	0.017869
56.35	0.0178492
56.375	0.0178294
56.4	0.0178096
56.425	0.0177898
56.45	0.0177701
56.475	0.0177503
56.5	0.0177306
56.525	0.017711
56.55	0.0176913
56.575	0.0176717
56.6	0.017652
56.625	0.0176324
56.65	0.0176129
56.675	0.0175933
56.7	0.0175738
56.725	0.0175543
56.75	0.0175348
56.775	0.0175153
56.8	0.0174959
56.825	0.0174765
56.85	0.0174571
56.875	0.0174377
56.9	0.0174183
56.925	0.017399
56.95	0.0173797
56.975	0.0173604
57	0.0173411
57.025	0.0173219
57.05	0.0173026
57.075	0.0172834
57.1	0.0172642
57.125	0.0172451
57.15	0.0172259
57.175	0.0172068
57.2	0.0171877
57.225	0.0171686
57.25	0.0171496
57.275	0.0171305
57.3	0.0171115
57.325	0.0170925
57.35	0.0170735
57.375	0.0170546
57.4	0.0170357
57.425	0.0170168
57.45	0.0169979
57.475	0.016979
57.5	0.0169601
57.525	0.0169413
57.55	0.0169225
57.575	0.0169037
57.6	0.016885
57.625	0.0168662
57.65	0.0168475
57.675	0.0168288
57.7	0.0168101
57.725	0.0167915
57.75	0.0167728
57.775	0.0167542
57.8	0.0167356
57.825	0.016717
57.85	0.0166985
57.875	0.0166799
57.9	0.0166614
57.925	0.0166429
57.95	0.0166244
57.975	0.016606
58	0.0165876
58.025	0.0165691
58.05	0.0165508
58.075	0.0165324
58.1	0.016514
58.125	0.0164957
58.15	0.0164774
58.175	0.0164591
58.2	0.0164408
58.225	0.0164226
58.25	0.0164043
58.275	0.0163861
58.3	0.016368
58.325	0.0163498
58.35	0.0163316
58.375	0.0163135
58.4	0.0162954
58.425	0.0162773
58.45	0.0162592
58.475	0.0162412
58.5	0.0162232
58.525	0.0162052
58.55	0.0161872
58.575	0.0161692
58.6	0.0161513
58.625	0.0161333
58.65	0.0161154
58.675	0.0160975
58.7	0.0160797
58.725	0.0160618
58.75	0.016044
58.775	0.0160262
58.8	0.0160084
58.825	0.0159906
58.85	0.0159729
58.875	0.0159551
58.9	0.0159374
58.925	0.0159197
58.95	0.0159021
58.975	0.0158844
59	0.0158668
59.025	0.0158492
59.05	0.0158316
59.075	0.015814
59.1	0.0157964
59.125	0.0157789
59.15	0.0157614
59.175	0.0157439
59.2	0.0157264
59.225	0.015709
59.25	0.0156915
59.275	0.0156741
59.3	0.0156567
59.325	0.0156393
59.35	0.015622
59.375	0.0156046
59.4	0.0155873
59.425	0.01557
59.45	0.0155527
59.475	0.0155355
59.5	0.0155182
59.525	0.015501
59.55	0.0154838
59.575	0.0154666
59.6	0.0154494
59.625	0.0154323
59.65	0.0154152
59.675	0.0153981
59.7	0.015381
59.725	0.0153639
59.75	0.0153468
59.775	0.0153298
59.8	0.0153128
59.825	0.0152958
59.85	0.0152788
59.875	0.0152618
59.9	0.0152449
59.925	0.015228
59.95	0.0152111
59.975	0.0151942
60	0.0151773
60.025	0.0151605
60.05	0.0151437
60.075	0.0151269
60.1	0.0151101
60.125	0.0150933
60.15	0.0150765
60.175	0.0150598
60.2	0.0150431
60.225	0.0150264
60.25	0.0150097
60.275	0.014993
60.3	0.0149764
60.325	0.0149598
60.35	0.0149432
60.375	0.0149266
60.4	0.01491
60.425	0.0148935
60.45	0.0148769
60.475	0.0148604
60.5	0.0148439
60.525	0.0148275
60.55	0.014811
60.575	0.0147946
60.6	0.0147781
60.625	0.0147617
60.65	0.0147454
60.675	0.014729
60.7	0.0147126
60.725	0.0146963
60.75	0.01468
60.775	0.0146637
60.8	0.0146474
60.825	0.0146312
60.85	0.0146149
60.875	0.0145987
60.9	0.0145825
60.925	0.0145663
60.95	0.0145501
60.975	0.014534
61	0.0145179
61.025	0.0145017
61.05	0.0144857
61.075	0.0144696
61.1	0.0144535
61.125	0.0144375
61.15	0.0144214
61.175	0.0144054
61.2	0.0143894
61.225	0.0143735
61.25	0.0143575
61.275	0.0143416
61.3	0.0143257
61.325	0.0143098
61.35	0.0142939
61.375	0.014278
61.4	0.0142622
61.425	0.0142463
61.45	0.0142305
61.475	0.0142147
61.5	0.014199
61.525	0.0141832
61.55	0.0141675
61.575	0.0141517
61.6	0.014136
61.625	0.0141203
61.65	0.0141047
61.675	0.014089
61.7	0.0140734
61.725	0.0140577
61.75	0.0140421
61.775	0.0140266
61.8	0.014011
61.825	0.0139954
61.85	0.0139799
61.875	0.0139644
61.9	0.0139489
61.925	0.0139334
61.95	0.0139179
61.975	0.0139025
62	0.0138871
62.025	0.0138716
62.05	0.0138562
62.075	0.0138409
62.1	0.0138255
62.125	0.0138102
62.15	0.0137948
62.175	0.0137795
62.2	0.0137642
62.225	0.0137489
62.25	0.0137337
62.275	0.0137184
62.3	0.0137032
62.325	0.013688
62.35	0.0136728
62.375	0.0136576
62.4	0.0136425
62.425	0.0136273
62.45	0.0136122
62.475	0.0135971
62.5	0.013582
62.525	0.0135669
62.55	0.0135519
62.575	0.0135368
62.6	0.0135218
62.625	0.0135068
62.65	0.0134918
62.675	0.0134768
62.7	0.0134619
62.725	0.0134469
62.75	0.013432
62.775	0.0134171
62.8	0.0134022
62.825	0.0133873
62.85	0.0133725
62.875	0.0133576
62.9	0.0133428
62.925	0.013328
62.95	0.0133132
62.975	0.0132984
63	0.0132837
63.025	0.0132689
63.05	0.0132542
63.075	0.0132395
63.1	0.0132248
63.125	0.0132101
63.15	0.0131954
63.175	0.0131808
63.2	0.0131662
63.225	0.0131516
63.25	0.013137
63.275	0.0131224
63.3	0.0131078
63.325	0.0130933
63.35	0.0130787
63.375	0.0130642
63.4	0.0130497
63.425	0.0130352
63.45	0.0130208
63.475	0.0130063
63.5	0.0129919
63.525	0.0129775
63.55	0.0129631
63.575	0.0129487
63.6	0.0129343
63.625	0.0129199
63.65	0.0129056
63.675	0.0128913
63.7	0.012877
63.725	0.0128627
63.75	0.0128484
63.775	0.0128341
63.8	0.0128199
63.825	0.0128057
63.85	0.0127914
63.875	0.0127772
63.9	0.0127631
63.925	0.0127489
63.95	0.0127348
63.975	0.0127206
64	0.0127065
64.025	0.0126924
64.05	0.0126783
64.075	0.0126642
64.1	0.0126502
64.125	0.0126361
64.15	0.0126221
64.175	0.0126081
64.2	0.0125941
64.225	0.0125801
64.25	0.0125662
64.275	0.0125522
64.3	0.0125383
64.325	0.0125244
64.35	0.0125105
64.375	0.0124966
64.4	0.0124827
64.425	0.0124689
64.45	0.012455
64.475	0.0124412
64.5	0.0124274
64.525	0.0124136
64.55	0.0123998
64.575	0.0123861
64.6	0.0123723
64.625	0.0123586
64.65	0.0123449
64.675	0.0123312
64.7	0.0123175
64.725	0.0123038
64.75	0.0122901
64.775	0.0122765
64.8	0.0122629
64.825	0.0122493
64.85	0.0122357
64.875	0.0122221
64.9	0.0122085
64.925	0.012195
64.95	0.0121814
64.975	0.0121679
65	0.0121544
65.025	0.0121409
65.05	0.0121274
65.075	0.012114
65.1	0.0121005
65.125	0.0120871
65.15	0.0120737
65.175	0.0120603
65.2	0.0120469
65.225	0.0120335
65.25	0.0120202
65.275	0.0120068
65.3	0.0119935
65.325	0.0119802
65.35	0.0119669
65.375	0.0119536
65.4	0.0119404
65.425	0.0119271
65.45	0.0119139
65.475	0.0119006
65.5	0.0118874
65.525	0.0118742
65.55	0.0118611
65.575	0.0118479
65.6	0.0118347
65.625	0.0118216
65.65	0.0118085
65.675	0.0117954
65.7	0.0117823
65.725	0.0117692
65.75	0.0117561
65.775	0.0117431
65.8	0.0117301
65.825	0.011717
65.85	0.011704
65.875	0.0116911
65.9	0.0116781
65.925	0.0116651
65.95	0.0116522
65.975	0.0116392
66	0.0116263
66.025	0.0116134
66.05	0.0116005
66.075	0.0115876
66.1	0.0115748
66.125	0.0115619
66.15	0.0115491
66.175	0.0115363
66.2	0.0115235
66.225	0.0115107
66.25	0.0114979
66.275	0.0114852
66.3	0.0114724
66.325	0.0114597
66.35	0.011447
66.375	0.0114343
66.4	0.0114216
66.425	0.0114089
66.45	0.0113962
66.475	0.0113836
66.5	0.0113709
66.525	0.0113583
66.55	0.0113457
66.575	0.0113331
66.6	0.0113205
66.625	0.011308
66.65	0.0112954
66.675	0.0112829
66.7	0.0112704
66.725	0.0112579
66.75	0.0112454
66.775	0.0112329
66.8	0.0112204
66.825	0.011208
66.85	0.0111955
66.875	0.0111831
66.9	0.0111707
66.925	0.0111583
66.95	0.0111459
66.975	0.0111335
67	0.0111212
67.025	0.0111088
67.05	0.0110965
67.075	0.0110842
67.1	0.0110719
67.125	0.0110596
67.15	0.0110473
67.175	0.0110351
67.2	0.0110228
67.225	0.0110106
67.25	0.0109984
67.275	0.0109861
67.3	0.010974
67.325	0.0109618
67.35	0.0109496
67.375	0.0109375
67.4	0.0109253
67.425	0.0109132
67.45	0.0109011
67.475	0.010889
67.5	0.0108769
67.525	0.0108648
67.55	0.0108528
67.575	0.0108407
67.6	0.0108287
67.625	0.0108167
67.65	0.0108047
67.675	0.0107927
67.7	0.0107807
67.725	0.0107687
67.75	0.0107568
67.775	0.0107448
67.8	0.0107329
67.825	0.010721
67.85	0.0107091
67.875	0.0106972
67.9	0.0106853
67.925	0.0106735
67.95	0.0106616
67.975	0.0106498
68	0.010638
68.025	0.0106262
68.05	0.0106144
68.075	0.0106026
68.1	0.0105908
68.125	0.0105791
68.15	0.0105673
68.175	0.0105556
68.2	0.0105439
68.225	0.0105322
68.25	0.0105205
68.275	0.0105088
68.3	0.0104972
68.325	0.0104855
68.35	0.0104739
68.375	0.0104622
68.4	0.0104506
68.425	0.010439
68.45	0.0104274
68.475	0.0104159
68.5	0.0104043
68.525	0.0103928
68.55	0.0103812
68.575	0.0103697
68.6	0.0103582
68.625	0.0103467
68.65	0.0103352
68.675	0.0103237
68.7	0.0103123
68.725	0.0103008
68.75	0.0102894
68.775	0.010278
68.8	0.0102666
68.825	0.0102552
68.85	0.0102438
68.875	0.0102324
68.9	0.0102211
68.925	0.0102097
68.95	0.0101984
68.975	0.0101871
69	0.0101758
69.025	0.0101645
69.05	0.0101532
69.075	0.0101419
69.1	0.0101307
69.125	0.0101194
69.15	0.0101082
69.175	0.010097
69.2	0.0100858
69.225	0.0100746
69.25	0.0100634
69.275	0.0100522
69.3	0.0100411
69.325	0.0100299
69.35	0.0100188
69.375	0.0100077
69.4	0.00999656
69.425	0.00998547
69.45	0.00997439
69.475	0.00996332
69.5	0.00995226
69.525	0.00994121
69.55	0.00993018
69.575	0.00991916
69.6	0.00990815
69.625	0.00989715
69.65	0.00988617
69.675	0.00987519
69.7	0.00986423
69.725	0.00985328
69.75	0.00984235
69.775	0.00983142
69.8	0.00982051
69.825	0.00980961
69.85	0.00979873
69.875	0.00978785
69.9	0.00977699
69.925	0.00976614
69.95	0.0097553
69.975	0.00974447
70	0.00973365
70.025	0.00972285
70.05	0.00971206
70.075	0.00970128
70.1	0.00969051
70.125	0.00967976
70.15	0.00966901
70.175	0.00965828
70.2	0.00964756
70.225	0.00963685
70.25	0.00962616
70.275	0.00961547
70.3	0.0096048
70.325	0.00959414
70.35	0.00958349
70.375	0.00957286
70.4	0.00956223
70.425	0.00955162
70.45	0.00954102
70.475	0.00953043
70.5	0.00951985
70.525	0.00950928
70.55	0.00949873
70.575	0.00948819
70.6	0.00947766
70.625	0.00946714
70.65	0.00945663
70.675	0.00944613
70.7	0.00943565
70.725	0.00942518
70.75	0.00941472
70.775	0.00940427
70.8	0.00939383
70.825	0.0093834
70.85	0.00937299
70.875	0.00936259
70.9	0.0093522
70.925	0.00934182
70.95	0.00933145
70.975	0.00932109
71	0.00931074
71.025	0.00930041
71.05	0.00929009
71.075	0.00927978
71.1	0.00926948
71.125	0.00925919
71.15	0.00924891
71.175	0.00923865
71.2	0.00922839
71.225	0.00921815
71.25	0.00920792
71.275	0.0091977
71.3	0.00918749
71.325	0.0091773
71.35	0.00916711
71.375	0.00915693
71.4	0.00914677
71.425	0.00913662
71.45	0.00912648
71.475	0.00911635
71.5	0.00910623
71.525	0.00909613
71.55	0.00908603
71.575	0.00907595
71.6	0.00906587
71.625	0.00905581
71.65	0.00904576
71.675	0.00903572
71.7	0.00902569
71.725	0.00901567
71.75	0.00900567
71.775	0.00899567
71.8	0.00898569
71.825	0.00897571
71.85	0.00896575
71.875	0.0089558
71.9	0.00894586
71.925	0.00893593
71.95	0.00892601
71.975	0.00891611
72	0.00890621
72.025	0.00889633
72.05	0.00888645
72.075	0.00887659
72.1	0.00886674
72.125	0.0088569
72.15	0.00884707
72.175	0.00883725
72.2	0.00882744
72.225	0.00881764
72.25	0.00880785
72.275	0.00879808
72.3	0.00878831
72.325	0.00877856
72.35	0.00876882
72.375	0.00875909
72.4	0.00874936
72.425	0.00873965
72.45	0.00872995
72.475	0.00872026
72.5	0.00871058
72.525	0.00870092
72.55	0.00869126
72.575	0.00868161
72.6	0.00867198
72.625	0.00866235
72.65	0.00865274
72.675	0.00864314
72.7	0.00863354
72.725	0.00862396
72.75	0.00861439
72.775	0.00860483
72.8	0.00859528
72.825	0.00858574
72.85	0.00857621
72.875	0.00856669
72.9	0.00855718
72.925	0.00854768
72.95	0.0085382
72.975	0.00852872
73	0.00851926
73.025	0.0085098
73.05	0.00850036
73.075	0.00849092
73.1	0.0084815
73.125	0.00847208
73.15	0.00846268
73.175	0.00845329
73.2	0.00844391
73.225	0.00843453
73.25	0.00842517
73.275	0.00841582
73.3	0.00840648
73.325	0.00839715
73.35	0.00838783
73.375	0.00837852
73.4	0.00836922
73.425	0.00835993
73.45	0.00835065
73.475	0.00834139
73.5	0.00833213
73.525	0.00832288
73.55	0.00831364
73.575	0.00830442
73.6	0.0082952
73.625	0.00828599
73.65	0.0082768
73.675	0.00826761
73.7	0.00825843
73.725	0.00824927
73.75	0.00824011
73.775	0.00823097
73.8	0.00822183
73.825	0.00821271
73.85	0.00820359
73.875	0.00819449
73.9	0.00818539
73.925	0.00817631
73.95	0.00816723
73.975	0.00815817
74	0.00814911
74.025	0.00814007
74.05	0.00813103
74.075	0.00812201
74.1	0.00811299
74.125	0.00810399
74.15	0.00809499
74.175	0.00808601
74.2	0.00807704
74.225	0.00806807
74.25	0.00805912
74.275	0.00805017
74.3	0.00804124
74.325	0.00803231
74.35	0.0080234
74.375	0.00801449
74.4	0.0080056
74.425	0.00799671
74.45	0.00798784
74.475	0.00797897
74.5	0.00797012
74.525	0.00796127
74.55	0.00795243
74.575	0.00794361
74.6	0.00793479
74.625	0.00792598
74.65	0.00791719
74.675	0.0079084
74.7	0.00789962
74.725	0.00789085
74.75	0.0078821
74.775	0.00787335
74.8	0.00786461
74.825	0.00785588
74.85	0.00784716
74.875	0.00783845
74.9	0.00782975
74.925	0.00782106
74.95	0.00781238
74.975	0.00780371
75	0.00779505
75.025	0.0077864
75.05	0.00777776
75.075	0.00776912
75.1	0.0077605
75.125	0.00775189
75.15	0.00774328
75.175	0.00773469
75.2	0.00772611
75.225	0.00771753
75.25	0.00770897
75.275	0.00770041
75.3	0.00769186
75.325	0.00768333
75.35	0.0076748
75.375	0.00766628
75.4	0.00765777
75.425	0.00764927
75.45	0.00764078
75.475	0.0076323
75.5	0.00762383
75.525	0.00761537
75.55	0.00760692
75.575	0.00759847
75.6	0.00759004
75.625	0.00758162
75.65	0.0075732
75.675	0.0075648
75.7	0.0075564
75.725	0.00754801
75.75	0.00753964
75.775	0.00753127
75.8	0.00752291
75.825	0.00751456
75.85	0.00750622
75.875	0.00749789
75.9	0.00748957
75.925	0.00748125
75.95	0.00747295
75.975	0.00746466
76	0.00745637
76.025	0.0074481
76.05	0.00743983
76.075	0.00743157
76.1	0.00742332
76.125	0.00741509
76.15	0.00740686
76.175	0.00739864
76.2	0.00739042
76.225	0.00738222
76.25	0.00737403
76.275	0.00736584
76.3	0.00735767
76.325	0.0073495
76.35	0.00734134
76.375	0.0073332
76.4	0.00732506
76.425	0.00731693
76.45	0.00730881
76.475	0.00730069
76.5	0.00729259
76.525	0.0072845
76.55	0.00727641
76.575	0.00726834
76.6	0.00726027
76.625	0.00725221
76.65	0.00724416
76.675	0.00723612
76.7	0.00722809
76.725	0.00722007
76.75	0.00721206
76.775	0.00720405
76.8	0.00719606
76.825	0.00718807
76.85	0.00718009
76.875	0.00717212
76.9	0.00716416
76.925	0.00715621
76.95	0.00714827
76.975	0.00714033
77	0.00713241
77.025	0.00712449
77.05	0.00711659
77.075	0.00710869
77.1	0.0071008
77.125	0.00709292
77.15	0.00708504
77.175	0.00707718
77.2	0.00706933
77.225	0.00706148
77.25	0.00705364
77.275	0.00704581
77.3	0.00703799
77.325	0.00703018
77.35	0.00702238
77.375	0.00701459
77.4	0.0070068
77.425	0.00699902
77.45	0.00699126
77.475	0.0069835
77.5	0.00697575
77.525	0.006968
77.55	0.00696027
77.575	0.00695254
77.6	0.00694483
77.625	0.00693712
77.65	0.00692942
77.675	0.00692173
77.7	0.00691405
77.725	0.00690637
77.75	0.00689871
77.775	0.00689105
77.8	0.0068834
77.825	0.00687576
77.85	0.00686813
77.875	0.00686051
77.9	0.0068529
77.925	0.00684529
77.95	0.00683769
77.975	0.0068301
78	0.00682252
78.025	0.00681495
78.05	0.00680739
78.075	0.00679983
78.1	0.00679228
78.125	0.00678475
78.15	0.00677722
78.175	0.00676969
78.2	0.00676218
78.225	0.00675467
78.25	0.00674718
78.275	0.00673969
78.3	0.00673221
78.325	0.00672474
78.35	0.00671727
78.375	0.00670982
78.4	0.00670237
78.425	0.00669493
78.45	0.0066875
78.475	0.00668008
78.5	0.00667267
78.525	0.00666526
78.55	0.00665786
78.575	0.00665047
78.6	0.00664309
78.625	0.00663572
78.65	0.00662835
78.675	0.006621
78.7	0.00661365
78.725	0.00660631
78.75	0.00659898
78.775	0.00659165
78.8	0.00658434
78.825	0.00657703
78.85	0.00656973
78.875	0.00656244
78.9	0.00655515
78.925	0.00654788
78.95	0.00654061
78.975	0.00653335
79	0.0065261
79.025	0.00651886
79.05	0.00651162
79.075	0.00650439
79.1	0.00649717
79.125	0.00648996
79.15	0.00648276
79.175	0.00647557
79.2	0.00646838
79.225	0.0064612
79.25	0.00645403
79.275	0.00644686
79.3	0.00643971
79.325	0.00643256
79.35	0.00642542
79.375	0.00641829
79.4	0.00641117
79.425	0.00640405
79.45	0.00639694
79.475	0.00638984
79.5	0.00638275
79.525	0.00637567
79.55	0.00636859
79.575	0.00636152
79.6	0.00635446
79.625	0.00634741
79.65	0.00634037
79.675	0.00633333
79.7	0.0063263
79.725	0.00631928
79.75	0.00631226
79.775	0.00630526
79.8	0.00629826
79.825	0.00629127
79.85	0.00628429
79.875	0.00627731
79.9	0.00627035
79.925	0.00626339
79.95	0.00625644
79.975	0.00624949
80	0.00624256
80.025	0.00623563
80.05	0.00622871
80.075	0.00622179
80.1	0.00621489
80.125	0.00620799
80.15	0.0062011
80.175	0.00619422
80.2	0.00618734
80.225	0.00618047
80.25	0.00617362
80.275	0.00616676
80.3	0.00615992
80.325	0.00615308
80.35	0.00614625
80.375	0.00613943
80.4	0.00613262
80.425	0.00612581
80.45	0.00611901
80.475	0.00611222
80.5	0.00610544
80.525	0.00609866
80.55	0.00609189
80.575	0.00608513
80.6	0.00607838
80.625	0.00607163
80.65	0.00606489
80.675	0.00605816
80.7	0.00605144
80.725	0.00604472
80.75	0.00603801
80.775	0.00603131
80.8	0.00602462
80.825	0.00601793
80.85	0.00601125
80.875	0.00600458
80.9	0.00599791
80.925	0.00599126
80.95	0.00598461
80.975	0.00597796
81	0.00597133
81.025	0.0059647
81.05	0.00595808
81.075	0.00595147
81.1	0.00594486
81.125	0.00593827
81.15	0.00593168
81.175	0.00592509
81.2	0.00591852
81.225	0.00591195
81.25	0.00590539
81.275	0.00589883
81.3	0.00589228
81.325	0.00588574
81.35	0.00587921
81.375	0.00587269
81.4	0.00586617
81.425	0.00585966
81.45	0.00585315
81.475	0.00584666
81.5	0.00584017
81.525	0.00583369
81.55	0.00582721
81.575	0.00582075
81.6	0.00581429
81.625	0.00580783
81.65	0.00580139
81.675	0.00579495
81.7	0.00578852
81.725	0.00578209
81.75	0.00577567
81.775	0.00576926
81.8	0.00576286
81.825	0.00575646
81.85	0.00575007
81.875	0.00574369
81.9	0.00573732
81.925	0.00573095
81.95	0.00572459
81.975	0.00571824
82	0.00571189
82.025	0.00570555
82.05	0.00569922
82.075	0.00569289
82.1	0.00568657
82.125	0.00568026
82.15	0.00567396
82.175	0.00566766
82.2	0.00566137
82.225	0.00565509
82.25	0.00564881
82.275	0.00564254
82.3	0.00563628
82.325	0.00563002
82.35	0.00562377
82.375	0.00561753
82.4	0.0056113
82.425	0.00560507
82.45	0.00559885
82.475	0.00559263
82.5	0.00558643
82.525	0.00558023
82.55	0.00557403
82.575	0.00556785
82.6	0.00556167
82.625	0.00555549
82.65	0.00554933
82.675	0.00554317
82.7	0.00553702
82.725	0.00553087
82.75	0.00552473
82.775	0.0055186
82.8	0.00551248
82.825	0.00550636
82.85	0.00550025
82.875	0.00549414
82.9	0.00548804
82.925	0.00548195
82.95	0.00547587
82.975	0.00546979
83	0.00546372
83.025	0.00545766
83.05	0.0054516
83.075	0.00544555
83.1	0.0054395
83.125	0.00543347
83.15	0.00542744
83.175	0.00542141
83.2	0.0054154
83.225	0.00540939
83.25	0.00540338
83.275	0.00539739
83.3	0.00539139
83.325	0.00538541
83.35	0.00537943
83.375	0.00537346
83.4	0.0053675
83.425	0.00536154
83.45	0.00535559
83.475	0.00534965
83.5	0.00534371
83.525	0.00533778
83.55	0.00533185
83.575	0.00532594
83.6	0.00532003
83.625	0.00531412
83.65	0.00530822
83.675	0.00530233
83.7	0.00529645
83.725	0.00529057
83.75	0.0052847
83.775	0.00527883
83.8	0.00527297
83.825	0.00526712
83.85	0.00526127
83.875	0.00525543
83.9	0.0052496
83.925	0.00524378
83.95	0.00523796
83.975	0.00523214
84	0.00522634
84.025	0.00522053
84.05	0.00521474
84.075	0.00520895
84.1	0.00520317
84.125	0.0051974
84.15	0.00519163
84.175	0.00518587
84.2	0.00518011
84.225	0.00517436
84.25	0.00516862
84.275	0.00516288
84.3	0.00515715
84.325	0.00515143
84.35	0.00514571
84.375	0.00514
84.4	0.00513429
84.425	0.0051286
84.45	0.0051229
84.475	0.00511722
84.5	0.00511154
84.525	0.00510587
84.55	0.0051002
84.575	0.00509454
84.6	0.00508888
84.625	0.00508323
84.65	0.00507759
84.675	0.00507196
84.7	0.00506633
84.725	0.00506071
84.75	0.00505509
84.775	0.00504948
84.8	0.00504387
84.825	0.00503828
84.85	0.00503268
84.875	0.0050271
84.9	0.00502152
84.925	0.00501595
84.95	0.00501038
84.975	0.00500482
85	0.00499926
85.025	0.00499371
85.05	0.00498817
85.075	0.00498264
85.1	0.00497711
85.125	0.00497158
85.15	0.00496606
85.175	0.00496055
85.2	0.00495505
85.225	0.00494955
85.25	0.00494405
85.275	0.00493857
85.3	0.00493308
85.325	0.00492761
85.35	0.00492214
85.375	0.00491668
85.4	0.00491122
85.425	0.00490577
85.45	0.00490033
85.475	0.00489489
85.5	0.00488945
85.525	0.00488403
85.55	0.00487861
85.575	0.00487319
85.6	0.00486778
85.625	0.00486238
85.65	0.00485698
85.675	0.00485159
85.7	0.00484621
85.725	0.00484083
85.75	0.00483546
85.775	0.00483009
85.8	0.00482473
85.825	0.00481937
85.85	0.00481403
85.875	0.00480868
85.9	0.00480335
85.925	0.00479801
85.95	0.00479269
85.975	0.00478737
86	0.00478206
86.025	0.00477675
86.05	0.00477145
86.075	0.00476615
86.1	0.00476086
86.125	0.00475558
86.15	0.0047503
86.175	0.00474503
86.2	0.00473976
86.225	0.0047345
86.25	0.00472925
86.275	0.004724
86.3	0.00471875
86.325	0.00471352
86.35	0.00470828
86.375	0.00470306
86.4	0.00469784
86.425	0.00469263
86.45	0.00468742
86.475	0.00468221
86.5	0.00467702
86.525	0.00467183
86.55	0.00466664
86.575	0.00466146
86.6	0.00465629
86.625	0.00465112
86.65	0.00464596
86.675	0.0046408
86.7	0.00463565
86.725	0.00463051
86.75	0.00462537
86.775	0.00462023
86.8	0.00461511
86.825	0.00460998
86.85	0.00460487
86.875	0.00459976
86.9	0.00459465
86.925	0.00458955
86.95	0.00458446
86.975	0.00457937
87	0.00457429
87.025	0.00456921
87.05	0.00456414
87.075	0.00455907
87.1	0.00455401
87.125	0.00454896
87.15	0.00454391
87.175	0.00453887
87.2	0.00453383
87.225	0.0045288
87.25	0.00452377
87.275	0.00451875
87.3	0.00451373
87.325	0.00450873
87.35	0.00450372
87.375	0.00449872
87.4	0.00449373
87.425	0.00448874
87.45	0.00448376
87.475	0.00447878
87.5	0.00447381
87.525	0.00446885
87.55	0.00446389
87.575	0.00445893
87.6	0.00445398
87.625	0.00444904
87.65	0.0044441
87.675	0.00443917
87.7	0.00443424
87.725	0.00442932
87.75	0.00442441
87.775	0.0044195
87.8	0.00441459
87.825	0.00440969
87.85	0.0044048
87.875	0.00439991
87.9	0.00439502
87.925	0.00439015
87.95	0.00438527
87.975	0.00438041
88	0.00437554
88.025	0.00437069
88.05	0.00436584
88.075	0.00436099
88.1	0.00435615
88.125	0.00435132
88.15	0.00434649
88.175	0.00434166
88.2	0.00433685
88.225	0.00433203
88.25	0.00432722
88.275	0.00432242
88.3	0.00431762
88.325	0.00431283
88.35	0.00430804
88.375	0.00430326
88.4	0.00429849
88.425	0.00429372
88.45	0.00428895
88.475	0.00428419
88.5	0.00427944
88.525	0.00427469
88.55	0.00426994
88.575	0.0042652
88.6	0.00426047
88.625	0.00425574
88.65	0.00425102
88.675	0.0042463
88.7	0.00424159
88.725	0.00423688
88.75	0.00423218
88.775	0.00422748
88.8	0.00422279
88.825	0.0042181
88.85	0.00421342
88.875	0.00420874
88.9	0.00420407
88.925	0.0041994
88.95	0.00419474
88.975	0.00419009
89	0.00418544
89.025	0.00418079
89.05	0.00417615
89.075	0.00417152
89.1	0.00416689
89.125	0.00416226
89.15	0.00415764
89.175	0.00415303
89.2	0.00414842
89.225	0.00414382
89.25	0.00413922
89.275	0.00413462
89.3	0.00413003
89.325	0.00412545
89.35	0.00412087
89.375	0.0041163
89.4	0.00411173
89.425	0.00410716
89.45	0.00410261
89.475	0.00409805
89.5	0.0040935
89.525	0.00408896
89.55	0.00408442
89.575	0.00407989
89.6	0.00407536
89.625	0.00407084
89.65	0.00406632
89.675	0.00406181
89.7	0.0040573
89.725	0.0040528
89.75	0.0040483
89.775	0.0040438
89.8	0.00403932
89.825	0.00403483
89.85	0.00403036
89.875	0.00402588
89.9	0.00402141
89.925	0.00401695
89.95	0.00401249
89.975	0.00400804
90	0.00400359
90.025	0.00399915
90.05	0.00399471
90.075	0.00399027
90.1	0.00398585
90.125	0.00398142
90.15	0.003977
90.175	0.00397259
90.2	0.00396818
90.225	0.00396378
90.25	0.00395938
90.275	0.00395498
90.3	0.00395059
90.325	0.00394621
90.35	0.00394183
90.375	0.00393745
90.4	0.00393308
90.425	0.00392872
90.45	0.00392436
90.475	0.00392
90.5	0.00391565
90.525	0.00391131
90.55	0.00390696
90.575	0.00390263
90.6	0.0038983
90.625	0.00389397
90.65	0.00388965
90.675	0.00388533
90.7	0.00388102
90.725	0.00387671
90.75	0.00387241
90.775	0.00386811
90.8	0.00386382
90.825	0.00385953
90.85	0.00385525
90.875	0.00385097
90.9	0.00384669
90.925	0.00384242
90.95	0.00383816
90.975	0.0038339
91	0.00382964
91.025	0.00382539
91.05	0.00382115
91.075	0.00381691
91.1	0.00381267
91.125	0.00380844
91.15	0.00380421
91.175	0.00379999
91.2	0.00379577
91.225	0.00379156
91.25	0.00378735
91.275	0.00378315
91.3	0.00377895
91.325	0.00377475
91.35	0.00377056
91.375	0.00376638
91.4	0.0037622
91.425	0.00375802
91.45	0.00375385
91.475	0.00374969
91.5	0.00374553
91.525	0.00374137
91.55	0.00373722
91.575	0.00373307
91.6	0.00372892
91.625	0.00372479
91.65	0.00372065
91.675	0.00371652
91.7	0.0037124
91.725	0.00370828
91.75	0.00370416
91.775	0.00370005
91.8	0.00369594
91.825	0.00369184
91.85	0.00368774
91.875	0.00368365
91.9	0.00367956
91.925	0.00367548
91.95	0.0036714
91.975	0.00366732
92	0.00366325
92.025	0.00365919
92.05	0.00365513
92.075	0.00365107
92.1	0.00364702
92.125	0.00364297
92.15	0.00363893
92.175	0.00363489
92.2	0.00363085
92.225	0.00362682
92.25	0.0036228
92.275	0.00361878
92.3	0.00361476
92.325	0.00361075
92.35	0.00360674
92.375	0.00360274
92.4	0.00359874
92.425	0.00359475
92.45	0.00359076
92.475	0.00358677
92.5	0.00358279
92.525	0.00357881
92.55	0.00357484
92.575	0.00357087
92.6	0.00356691
92.625	0.00356295
92.65	0.003559
92.675	0.00355505
92.7	0.0035511
92.725	0.00354716
92.75	0.00354322
92.775	0.00353929
92.8	0.00353536
92.825	0.00353144
92.85	0.00352752
92.875	0.00352361
92.9	0.00351969
92.925	0.00351579
92.95	0.00351189
92.975	0.00350799
93	0.00350409
93.025	0.00350021
93.05	0.00349632
93.075	0.00349244
93.1	0.00348856
93.125	0.00348469
93.15	0.00348082
93.175	0.00347696
93.2	0.0034731
93.225	0.00346925
93.25	0.0034654
93.275	0.00346155
93.3	0.00345771
93.325	0.00345387
93.35	0.00345004
93.375	0.00344621
93.4	0.00344238
93.425	0.00343856
93.45	0.00343475
93.475	0.00343093
93.5	0.00342713
93.525	0.00342332
93.55	0.00341952
93.575	0.00341573
93.6	0.00341194
93.625	0.00340815
93.65	0.00340437
93.675	0.00340059
93.7	0.00339682
93.725	0.00339305
93.75	0.00338928
93.775	0.00338552
93.8	0.00338176
93.825	0.00337801
93.85	0.00337426
93.875	0.00337051
93.9	0.00336677
93.925	0.00336304
93.95	0.0033593
93.975	0.00335557
94	0.00335185
94.025	0.00334813
94.05	0.00334441
94.075	0.0033407
94.1	0.00333699
94.125	0.00333329
94.15	0.00332959
94.175	0.0033259
94.2	0.0033222
94.225	0.00331852
94.25	0.00331483
94.275	0.00331115
94.3	0.00330748
94.325	0.00330381
94.35	0.00330014
94.375	0.00329648
94.4	0.00329282
94.425	0.00328917
94.45	0.00328552
94.475	0.00328187
94.5	0.00327823
94.525	0.00327459
94.55	0.00327095
94.575	0.00326732
94.6	0.0032637
94.625	0.00326007
94.65	0.00325646
94.675	0.00325284
94.7	0.00324923
94.725	0.00324563
94.75	0.00324202
94.775	0.00323842
94.8	0.00323483
94.825	0.00323124
94.85	0.00322765
94.875	0.00322407
94.9	0.00322049
94.925	0.00321692
94.95	0.00321335
94.975	0.00320978
95	0.00320622
95.025	0.00320266
95.05	0.00319911
95.075	0.00319556
95.1	0.00319201
95.125	0.00318847
95.15	0.00318493
95.175	0.00318139
95.2	0.00317786
95.225	0.00317433
95.25	0.00317081
95.275	0.00316729
95.3	0.00316378
95.325	0.00316027
95.35	0.00315676
95.375	0.00315325
95.4	0.00314976
95.425	0.00314626
95.45	0.00314277
95.475	0.00313928
95.5	0.0031358
95.525	0.00313231
95.55	0.00312884
95.575	0.00312537
95.6	0.0031219
95.625	0.00311843
95.65	0.00311497
95.675	0.00311151
95.7	0.00310806
95.725	0.00310461
95.75	0.00310116
95.775	0.00309772
95.8	0.00309428
95.825	0.00309085
95.85	0.00308742
95.875	0.00308399
95.9	0.00308057
95.925	0.00307715
95.95	0.00307374
95.975	0.00307032
96	0.00306692
96.025	0.00306351
96.05	0.00306011
96.075	0.00305672
96.1	0.00305332
96.125	0.00304994
96.15	0.00304655
96.175	0.00304317
96.2	0.00303979
96.225	0.00303642
96.25	0.00303305
96.275	0.00302968
96.3	0.00302632
96.325	0.00302296
96.35	0.0030196
96.375	0.00301625
96.4	0.00301291
96.425	0.00300956
96.45	0.00300622
96.475	0.00300288
96.5	0.00299955
96.525	0.00299622
96.55	0.0029929
96.575	0.00298958
96.6	0.00298626
96.625	0.00298294
96.65	0.00297963
96.675	0.00297633
96.7	0.00297302
96.725	0.00296972
96.75	0.00296643
96.775	0.00296313
96.8	0.00295985
96.825	0.00295656
96.85	0.00295328
96.875	0.00295
96.9	0.00294673
96.925	0.00294346
96.95	0.00294019
96.975	0.00293693
97	0.00293367
97.025	0.00293041
97.05	0.00292716
97.075	0.00292391
97.1	0.00292066
97.125	0.00291742
97.15	0.00291418
97.175	0.00291095
97.2	0.00290772
97.225	0.00290449
97.25	0.00290127
97.275	0.00289805
97.3	0.00289483
97.325	0.00289162
97.35	0.00288841
97.375	0.0028852
97.4	0.002882
97.425	0.0028788
97.45	0.00287561
97.475	0.00287242
97.5	0.00286923
97.525	0.00286604
97.55	0.00286286
97.575	0.00285969
97.6	0.00285651
97.625	0.00285334
97.65	0.00285017
97.675	0.00284701
97.7	0.00284385
97.725	0.00284069
97.75	0.00283754
97.775	0.00283439
97.8	0.00283125
97.825	0.0028281
97.85	0.00282497
97.875	0.00282183
97.9	0.0028187
97.925	0.00281557
97.95	0.00281245
97.975	0.00280932
98	0.00280621
98.025	0.00280309
98.05	0.00279998
98.075	0.00279687
98.1	0.00279377
98.125	0.00279067
98.15	0.00278757
98.175	0.00278448
98.2	0.00278139
98.225	0.0027783
98.25	0.00277522
98.275	0.00277214
98.3	0.00276906
98.325	0.00276599
98.35	0.00276292
98.375	0.00275985
98.4	0.00275679
98.425	0.00275373
98.45	0.00275067
98.475	0.00274762
98.5	0.00274457
98.525	0.00274152
98.55	0.00273848
98.575	0.00273544
98.6	0.0027324
98.625	0.00272937
98.65	0.00272634
98.675	0.00272332
98.7	0.00272029
98.725	0.00271727
98.75	0.00271426
98.775	0.00271125
98.8	0.00270824
98.825	0.00270523
98.85	0.00270223
98.875	0.00269923
98.9	0.00269623
98.925	0.00269324
98.95	0.00269025
98.975	0.00268727
99	0.00268428
99.025	0.0026813
99.05	0.00267833
99.075	0.00267535
99.1	0.00267239
99.125	0.00266942
99.15	0.00266646
99.175	0.0026635
99.2	0.00266054
99.225	0.00265759
99.25	0.00265464
99.275	0.00265169
99.3	0.00264875
99.325	0.00264581
99.35	0.00264287
99.375	0.00263994
99.4	0.00263701
99.425	0.00263408
99.45	0.00263116
99.475	0.00262824
99.5	0.00262532
99.525	0.00262241
99.55	0.0026195
99.575	0.00261659
99.6	0.00261369
99.625	0.00261079
99.65	0.00260789
99.675	0.00260499
99.7	0.0026021
99.725	0.00259921
99.75	0.00259633
99.775	0.00259345
99.8	0.00259057
99.825	0.00258769
99.85	0.00258482
99.875	0.00258195
99.9	0.00257909
99.925	0.00257623
99.95	0.00257337
99.975	0.00257051
100	0.00256766
